4 0.234375 0.14296875 0.0171875 0.0140625
4 0.26171875 0.14453125 0.021875 0.0171875
4 0.2875 0.1421875 0.021875 0.0203125
4 0.3125 0.140625 0.021875 0.0203125
4 0.33671875 0.1390625 0.021875 0.0203125
4 0.3609375 0.13828125 0.021875 0.021875
4 0.3859375 0.1359375 0.021875 0.025
4 0.7875 0.11875 0.021875 0.021875
4 0.81640625 0.115625 0.021875 0.021875
4 0.76171875 0.11875 0.021875 0.021875
4 0.73671875 0.12109375 0.021875 0.025
4 0.71171875 0.12109375 0.021875 0.021875
4 0.6875 0.1203125 0.021875 0.021875
4 0.6625 0.12109375 0.0203125 0.025
4 0.63828125 0.12265625 0.021875 0.025
4 0.61328125 0.1234375 0.0203125 0.025
4 0.5875 0.125 0.0203125 0.025
4 0.5625 0.125 0.021875 0.021875
4 0.5375 0.1265625 0.0203125 0.025
4 0.51171875 0.12734375 0.0203125 0.021875
4 0.4859375 0.13125 0.021875 0.0203125
4 0.4625 0.1296875 0.021875 0.021875
4 0.4359375 0.13203125 0.021875 0.021875
4 0.4109375 0.134375 0.021875 0.021875
1 0.52265625 0.1296875 0.6234375 0.0578125
0 0.51953125 0.51328125 0.025 0.0125
0 0.51796875 0.5015625 0.025 0.0125
0 0.51953125 0.6421875 0.0296875 0.025
0 0.51796875 0.46640625 0.021875 0.0125
0 0.51796875 0.36171875 0.021875 0.009375
0 0.54296875 0.359375 0.025 0.009375
0 0.5421875 0.46484375 0.021875 0.009375
0 0.54296875 0.5 0.021875 0.0125
0 0.54453125 0.51171875 0.021875 0.0125
0 0.54453125 0.63828125 0.025 0.021875
0 0.46875 0.51796875 0.021875 0.0125
0 0.46875 0.50625 0.021875 0.0140625
0 0.46875 0.46640625 0.021875 0.0140625
0 0.46640625 0.365625 0.0265625 0.0140625
0 0.415625 0.36796875 0.025 0.009375
0 0.41796875 0.5203125 0.025 0.0125
0 0.41796875 0.50703125 0.025 0.0125
0 0.44375 0.50625 0.021875 0.0140625
0 0.44375 0.51953125 0.021875 0.0125
0 0.44453125 0.64765625 0.021875 0.021875
0 0.4703125 0.6453125 0.025 0.0203125
0 0.41953125 0.64765625 0.025 0.0234375
0 0.3953125 0.65 0.0234375 0.021875
0 0.39453125 0.52265625 0.021875 0.009375
0 0.39453125 0.5109375 0.021875 0.0125
0 0.59375 0.3546875 0.021875 0.0125
0 0.61796875 0.35234375 0.0234375 0.009375
0 0.64296875 0.35078125 0.021875 0.009375
0 0.6671875 0.3484375 0.0203125 0.009375
0 0.71484375 0.34375 0.021875 0.009375
0 0.7390625 0.34140625 0.021875 0.009375
0 0.76328125 0.3390625 0.021875 0.009375
0 0.765625 0.4828125 0.021875 0.009375
0 0.7640625 0.49609375 0.0265625 0.0140625
0 0.78984375 0.4796875 0.025 0.0125
0 0.790625 0.49140625 0.025 0.0125
0 0.7390625 0.484375 0.021875 0.0125
0 0.7390625 0.49609375 0.021875 0.0125
0 0.7140625 0.4859375 0.0234375 0.0125
0 0.71484375 0.49609375 0.025 0.0125
0 0.7390625 0.44609375 0.021875 0.009375
0 0.7640625 0.44609375 0.0203125 0.0125
0 0.6671875 0.5 0.021875 0.0125
0 0.6671875 0.48828125 0.021875 0.0125
0 0.6421875 0.49140625 0.025 0.0125
0 0.64296875 0.50390625 0.021875 0.0125
0 0.61875 0.5046875 0.021875 0.0125
0 0.61796875 0.49296875 0.0234375 0.0125
0 0.59375 0.4953125 0.021875 0.0125
0 0.59375 0.50625 0.021875 0.0125
0 0.5921875 0.459375 0.021875 0.009375
0 0.64296875 0.4546875 0.0203125 0.009375
0 0.5421875 0.453125 0.021875 0.0125
0 0.71484375 0.4484375 0.021875 0.009375
0 0.36875 0.52265625 0.021875 0.0125
0 0.36875 0.5109375 0.0234375 0.0125
0 0.32109375 0.5265625 0.021875 0.0125
0 0.32109375 0.5140625 0.021875 0.009375
0 0.3453125 0.525 0.021875 0.0125
0 0.34375 0.51328125 0.021875 0.0125
0 0.271875 0.5296875 0.0203125 0.0125
0 0.271875 0.51796875 0.0203125 0.0125
0 0.5921875 0.57421875 0.0203125 0.0125
0 0.79296875 0.625 0.0265625 0.025
0 0.7671875 0.6234375 0.025 0.025
0 0.74140625 0.6265625 0.0265625 0.025
0 0.71640625 0.6265625 0.025 0.025
0 0.6921875 0.62890625 0.0234375 0.021875
0 0.6671875 0.6296875 0.0234375 0.0203125
0 0.64296875 0.63125 0.0265625 0.021875
0 0.2671875 0.3734375 0.021875 0.0125
0 0.3171875 0.37265625 0.021875 0.009375
0 0.61796875 0.63359375 0.0234375 0.021875
0 0.59375 0.63671875 0.025 0.0171875
0 0.56953125 0.63671875 0.0234375 0.0203125
0 0.34609375 0.6546875 0.0265625 0.0203125
0 0.37109375 0.65390625 0.021875 0.0171875
0 0.321875 0.65625 0.021875 0.0203125
0 0.275 0.6609375 0.021875 0.0203125
0 0.7921875 0.55546875 0.0234375 0.0140625
0 0.7921875 0.5796875 0.0234375 0.0125
0 0.79296875 0.59375 0.0265625 0.0171875
0 0.790625 0.52734375 0.025 0.0203125
0 0.69140625 0.51328125 0.0265625 0.0125
0 0.6671875 0.5671875 0.0203125 0.0171875
0 0.56875 0.57421875 0.021875 0.0171875
0 0.74140625 0.56640625 0.021875 0.0171875
0 0.6890625 0.56484375 0.021875 0.0125
0 0.56875 0.5953125 0.021875 0.0140625
0 0.46640625 0.38203125 0.025 0.0140625
0 0.59375 0.3765625 0.021875 0.0125
0 0.4171875 0.47265625 0.0203125 0.009375