4 0.23671875 0.1421875 0.021875 0.0125
4 0.2609375 0.1390625 0.0203125 0.0140625
0 0.71640625 0.3453125 0.021875 0.009375
0 0.74140625 0.3421875 0.0234375 0.009375
0 0.765625 0.34140625 0.021875 0.0125
0 0.51953125 0.36171875 0.021875 0.009375
0 0.54453125 0.359375 0.025 0.009375
0 0.5953125 0.3546875 0.025 0.0125
0 0.6203125 0.353125 0.0234375 0.009375
0 0.6453125 0.35234375 0.0234375 0.009375
0 0.66953125 0.35 0.021875 0.009375
0 0.4171875 0.36875 0.021875 0.009375
0 0.4671875 0.36640625 0.025 0.0125
0 0.4703125 0.50703125 0.025 0.0125
0 0.4703125 0.51796875 0.025 0.009375
0 0.5203125 0.50234375 0.0265625 0.0125
0 0.5203125 0.51328125 0.0234375 0.0125
0 0.5453125 0.5 0.021875 0.009375
0 0.5453125 0.51171875 0.025 0.0125
0 0.5953125 0.49765625 0.025 0.009375
0 0.59609375 0.50859375 0.025 0.0125
0 0.7671875 0.484375 0.025 0.009375
0 0.76796875 0.49375 0.025 0.009375
0 0.74140625 0.4859375 0.0234375 0.0125
0 0.74296875 0.49609375 0.0234375 0.009375
0 0.71640625 0.48671875 0.0265625 0.0125
0 0.71640625 0.4984375 0.025 0.009375
0 0.6203125 0.49375 0.0234375 0.009375
0 0.6203125 0.50625 0.0234375 0.0125
0 0.66796875 0.490625 0.021875 0.009375
0 0.66953125 0.5015625 0.021875 0.009375
0 0.64453125 0.49375 0.025 0.0125
0 0.6453125 0.5046875 0.0234375 0.0125
0 0.7921875 0.48203125 0.0234375 0.0125
0 0.79296875 0.4953125 0.025 0.0171875
0 0.7953125 0.6265625 0.0296875 0.021875
0 0.79453125 0.55546875 0.025 0.0125
0 0.76953125 0.62734375 0.025 0.021875
0 0.74375 0.62890625 0.0265625 0.0203125
0 0.59765625 0.5734375 0.021875 0.0125
0 0.66796875 0.5671875 0.021875 0.0125
0 0.275 0.6609375 0.0265625 0.0203125
0 0.3234375 0.65625 0.0234375 0.0203125
0 0.3484375 0.6546875 0.0234375 0.025
0 0.396875 0.65 0.025 0.0171875
0 0.421875 0.64765625 0.0265625 0.021875
0 0.446875 0.64765625 0.025 0.0203125
0 0.47265625 0.6453125 0.0296875 0.0265625
0 0.521875 0.64296875 0.025 0.0171875
0 0.7171875 0.62734375 0.0265625 0.0203125
0 0.66953125 0.63203125 0.025 0.0171875
0 0.6453125 0.634375 0.0265625 0.0203125
0 0.62109375 0.634375 0.025 0.0203125
0 0.59609375 0.63671875 0.0265625 0.0203125
0 0.57109375 0.63828125 0.0234375 0.0203125
0 0.5453125 0.640625 0.025 0.0203125
0 0.26953125 0.3765625 0.0203125 0.009375
0 0.31875 0.3734375 0.021875 0.009375
0 0.4703125 0.46875 0.021875 0.009375
0 0.5453125 0.46484375 0.025 0.009375
0 0.5203125 0.46484375 0.0234375 0.009375
0 0.7671875 0.446875 0.025 0.009375
0 0.5953125 0.459375 0.021875 0.009375
0 0.41953125 0.50859375 0.025 0.0125
0 0.4203125 0.5203125 0.025 0.0125
0 0.44453125 0.50703125 0.021875 0.0125
0 0.44453125 0.51953125 0.025 0.0125
0 0.39453125 0.5109375 0.025 0.0125
0 0.39453125 0.52265625 0.0265625 0.009375
0 0.34609375 0.5140625 0.0203125 0.0078125
0 0.321875 0.5140625 0.021875 0.009375
0 0.321875 0.5265625 0.021875 0.0125
0 0.34609375 0.525 0.021875 0.0125
0 0.27265625 0.5296875 0.0234375 0.0125
0 0.27265625 0.515625 0.0234375 0.0125
0 0.7171875 0.44921875 0.025 0.0125
0 0.64453125 0.453125 0.021875 0.0125
0 0.740625 0.446875 0.025 0.0125
0 0.46875 0.384375 0.021875 0.0125
0 0.36796875 0.37265625 0.0203125 0.0125
4 0.2875 0.1390625 0.021875 0.021875
4 0.3140625 0.1390625 0.0234375 0.0203125
4 0.3375 0.1390625 0.021875 0.0203125
4 0.3640625 0.1390625 0.0234375 0.0203125
4 0.38828125 0.13671875 0.0234375 0.021875
4 0.78984375 0.11875 0.025 0.0203125
4 0.7640625 0.11875 0.025 0.021875
4 0.7390625 0.11875 0.0234375 0.025
4 0.7140625 0.1203125 0.021875 0.025
4 0.66484375 0.12265625 0.021875 0.021875
4 0.68984375 0.12265625 0.021875 0.021875
4 0.640625 0.1234375 0.025 0.025
4 0.6140625 0.125 0.0234375 0.0203125
4 0.58984375 0.1265625 0.021875 0.021875
4 0.56640625 0.12890625 0.021875 0.021875
4 0.53984375 0.12890625 0.021875 0.021875
4 0.5140625 0.1296875 0.021875 0.0203125
4 0.48828125 0.13203125 0.025 0.021875
4 0.4640625 0.13203125 0.025 0.021875
4 0.43984375 0.13359375 0.021875 0.0203125
4 0.41328125 0.1359375 0.021875 0.021875
1 0.5109375 0.1296875 0.5921875 0.05625