0 0.26953125 0.3734375 0.021875 0.0125
0 0.41796875 0.36875 0.025 0.0125
0 0.46875 0.365625 0.025 0.0140625
0 0.51796875 0.3609375 0.025 0.0125
0 0.54296875 0.359375 0.025 0.009375
0 0.7640625 0.34140625 0.025 0.0125
0 0.740625 0.34375 0.021875 0.0125
0 0.71484375 0.34375 0.025 0.0125
0 0.6671875 0.35 0.021875 0.009375
0 0.64453125 0.35078125 0.025 0.0125
0 0.59375 0.3546875 0.021875 0.009375
0 0.61875 0.353125 0.021875 0.0125
0 0.27421875 0.5171875 0.021875 0.0125
0 0.27421875 0.52890625 0.021875 0.0125
0 0.275 0.66015625 0.0234375 0.0203125
0 0.3234375 0.6546875 0.0234375 0.0203125
0 0.3234375 0.525 0.021875 0.0125
0 0.321875 0.5140625 0.021875 0.0125
0 0.31875 0.37265625 0.021875 0.0125
0 0.34609375 0.52421875 0.021875 0.0078125
0 0.34609375 0.51328125 0.021875 0.009375
0 0.3703125 0.52265625 0.0234375 0.0125
0 0.3703125 0.51171875 0.0234375 0.009375
0 0.39453125 0.509375 0.021875 0.009375
0 0.3953125 0.521875 0.021875 0.0125
0 0.41953125 0.51796875 0.025 0.0125
0 0.41953125 0.50625 0.021875 0.0125
0 0.44453125 0.51796875 0.021875 0.009375
0 0.44453125 0.50703125 0.021875 0.0125
0 0.47109375 0.5171875 0.0265625 0.0125
0 0.4703125 0.5046875 0.025 0.0125
0 0.5203125 0.51328125 0.0234375 0.0125
0 0.5203125 0.5015625 0.0234375 0.0125
0 0.46875 0.38359375 0.025 0.0171875
0 0.36796875 0.3703125 0.0203125 0.0078125
0 0.54453125 0.4984375 0.025 0.009375
0 0.54453125 0.5109375 0.025 0.0125
0 0.59375 0.4953125 0.021875 0.0125
0 0.5953125 0.50703125 0.025 0.0125
0 0.61875 0.49375 0.025 0.009375
0 0.61875 0.5046875 0.021875 0.0125
0 0.6671875 0.490625 0.0203125 0.0125
0 0.66796875 0.5015625 0.021875 0.0125
0 0.64296875 0.49140625 0.025 0.009375
0 0.64296875 0.50390625 0.025 0.0125
0 0.790625 0.4828125 0.025 0.009375
0 0.790625 0.49375 0.025 0.0140625
0 0.7640625 0.484375 0.025 0.009375
0 0.765625 0.4953125 0.025 0.0125
0 0.740625 0.484375 0.025 0.009375
0 0.740625 0.49609375 0.025 0.0125
0 0.71484375 0.4859375 0.021875 0.0125
0 0.71484375 0.49765625 0.021875 0.0125
0 0.59375 0.3734375 0.021875 0.0125
0 0.61875 0.3734375 0.021875 0.009375
0 0.71484375 0.4484375 0.021875 0.0125
0 0.7390625 0.44609375 0.021875 0.0125
0 0.64296875 0.453125 0.0203125 0.009375
0 0.5921875 0.4578125 0.021875 0.0078125
0 0.54453125 0.4640625 0.021875 0.009375
0 0.51953125 0.46484375 0.0203125 0.009375
0 0.46875 0.4671875 0.021875 0.0125
0 0.41796875 0.47109375 0.021875 0.0125
0 0.7640625 0.44453125 0.021875 0.0140625
0 0.76328125 0.384375 0.021875 0.0125
0 0.6671875 0.4515625 0.0203125 0.0125
0 0.7953125 0.62265625 0.0265625 0.025
0 0.79296875 0.553125 0.025 0.0203125
0 0.7921875 0.5265625 0.0234375 0.0203125
0 0.79296875 0.5953125 0.0265625 0.0140625
0 0.79296875 0.5796875 0.0265625 0.0140625
0 0.54296875 0.37890625 0.0203125 0.009375
0 0.76796875 0.6265625 0.021875 0.021875
0 0.74140625 0.62734375 0.0234375 0.0203125
0 0.71640625 0.62890625 0.025 0.0203125
0 0.6921875 0.62890625 0.021875 0.0203125
0 0.66796875 0.62890625 0.025 0.021875
0 0.64453125 0.63203125 0.025 0.021875
0 0.61875 0.63203125 0.025 0.021875
0 0.5953125 0.634375 0.0265625 0.0203125
0 0.56953125 0.6359375 0.021875 0.0171875
0 0.546875 0.63828125 0.025 0.0203125
0 0.5203125 0.6390625 0.028125 0.0203125
0 0.47265625 0.64296875 0.0265625 0.021875
0 0.44609375 0.64296875 0.021875 0.0203125
0 0.4203125 0.6453125 0.025 0.021875
0 0.396875 0.65 0.025 0.021875
0 0.3484375 0.65390625 0.0234375 0.021875
0 0.37109375 0.65390625 0.025 0.021875
4 0.2359375 0.1390625 0.021875 0.0203125
4 0.26171875 0.140625 0.025 0.025
4 0.28828125 0.140625 0.0234375 0.021875
4 0.3140625 0.13828125 0.0234375 0.021875
4 0.78828125 0.11875 0.0234375 0.021875
4 0.8140625 0.115625 0.021875 0.025
4 0.76328125 0.11796875 0.025 0.021875
4 0.73828125 0.12109375 0.025 0.021875
4 0.4625 0.13359375 0.025 0.021875
4 0.48671875 0.134375 0.021875 0.0296875
4 0.51328125 0.13125 0.025 0.0171875
4 0.7125 0.1234375 0.021875 0.025
4 0.6875 0.1234375 0.021875 0.025
4 0.66328125 0.12265625 0.021875 0.025
4 0.6390625 0.1234375 0.021875 0.0265625
4 0.6140625 0.125 0.021875 0.0265625
4 0.5890625 0.125 0.0234375 0.025
4 0.5640625 0.12734375 0.025 0.021875
4 0.53828125 0.12890625 0.0234375 0.025
4 0.4375 0.134375 0.025 0.021875
4 0.4125 0.1359375 0.021875 0.021875
4 0.38671875 0.1359375 0.021875 0.0265625
4 0.36328125 0.13671875 0.025 0.0265625
4 0.3375 0.13828125 0.021875 0.0265625
1 0.525 0.1296875 0.615625 0.0625
0 0.59375 0.5734375 0.021875 0.0125
0 0.57109375 0.57421875 0.021875 0.0125
0 0.69140625 0.56484375 0.0203125 0.0125
0 0.740625 0.52890625 0.021875 0.0140625
0 0.7671875 0.52734375 0.021875 0.0171875
0 0.66796875 0.5671875 0.021875 0.0203125
0 0.3953125 0.571875 0.0234375 0.0171875
0 0.3953125 0.55078125 0.021875 0.0125
0 0.34765625 0.5890625 0.021875 0.0125
0 0.56875 0.59375 0.0203125 0.0140625