3 0.22265625 0.55078125 0.025 0.0171875
3 0.22265625 0.5046875 0.021875 0.009375
3 0.22265625 0.4828125 0.021875 0.009375
3 0.22265625 0.4703125 0.021875 0.0078125
4 0.22109375 0.43515625 0.021875 0.0171875
4 0.2453125 0.43359375 0.0234375 0.0203125
4 0.2703125 0.43359375 0.021875 0.0171875
4 0.29453125 0.4328125 0.021875 0.0171875
4 0.31953125 0.4328125 0.021875 0.0171875
4 0.3453125 0.4328125 0.021875 0.0171875
4 0.3703125 0.43125 0.021875 0.0171875
4 0.4203125 0.43046875 0.021875 0.0171875
4 0.3953125 0.43125 0.0234375 0.0171875
4 0.4703125 0.42890625 0.021875 0.0171875
4 0.44609375 0.43046875 0.021875 0.0171875
4 0.4953125 0.42890625 0.021875 0.0171875
4 0.5203125 0.4265625 0.021875 0.0140625
4 0.54453125 0.428125 0.021875 0.0140625
4 0.56953125 0.4265625 0.021875 0.0125
4 0.59609375 0.4265625 0.021875 0.0140625
4 0.71875 0.4234375 0.025 0.0140625
4 0.61875 0.42578125 0.025 0.0171875
4 0.64453125 0.42421875 0.025 0.0171875
4 0.66953125 0.4234375 0.025 0.0203125
4 0.69453125 0.4234375 0.021875 0.0203125
4 0.74296875 0.4234375 0.021875 0.0171875
4 0.7921875 0.421875 0.0234375 0.0171875
4 0.76796875 0.4234375 0.021875 0.0171875
0 0.24765625 0.50859375 0.021875 0.0125
0 0.271875 0.50703125 0.021875 0.0125
0 0.3234375 0.50859375 0.0203125 0.009375
0 0.34609375 0.50859375 0.021875 0.009375
0 0.3703125 0.50703125 0.021875 0.009375
0 0.44609375 0.50625 0.021875 0.0078125
0 0.47109375 0.50625 0.021875 0.0078125
0 0.4953125 0.50625 0.021875 0.0078125
0 0.62109375 0.5015625 0.0203125 0.0078125
0 0.6453125 0.5015625 0.021875 0.009375
0 0.396875 0.50703125 0.021875 0.0125
3 0.21484375 0.2859375 0.021875 0.0140625
3 0.2140625 0.2359375 0.021875 0.0125
3 0.2140625 0.21171875 0.021875 0.009375
3 0.2140625 0.1984375 0.0203125 0.009375
4 0.2125 0.1609375 0.021875 0.0140625
4 0.23828125 0.1625 0.021875 0.0171875
4 0.26328125 0.1609375 0.021875 0.0140625
4 0.2859375 0.15859375 0.0203125 0.0140625
4 0.3109375 0.1578125 0.0234375 0.0171875
4 0.33671875 0.15625 0.021875 0.0171875
4 0.3609375 0.15625 0.0234375 0.0171875
4 0.3859375 0.1546875 0.0234375 0.0171875
4 0.4125 0.1546875 0.025 0.0171875
4 0.4375 0.15390625 0.025 0.0171875
4 0.7875 0.1421875 0.021875 0.0171875
4 0.76171875 0.1421875 0.025 0.0140625
4 0.73828125 0.14296875 0.025 0.0171875
4 0.7125 0.14296875 0.025 0.0171875
4 0.6875 0.14296875 0.025 0.0171875
4 0.66328125 0.14453125 0.0234375 0.0171875
4 0.63828125 0.1453125 0.025 0.0171875
4 0.61328125 0.146875 0.025 0.0140625
4 0.5875 0.14765625 0.025 0.0171875
4 0.5625 0.14765625 0.025 0.0171875
4 0.5375 0.15 0.025 0.0171875
4 0.51328125 0.15234375 0.025 0.0140625
4 0.48671875 0.1515625 0.0265625 0.0171875
4 0.46171875 0.15234375 0.025 0.0171875
0 0.2390625 0.240625 0.025 0.0140625
0 0.2640625 0.240625 0.0234375 0.0125
0 0.28828125 0.2390625 0.021875 0.0140625
0 0.3390625 0.2390625 0.0234375 0.0125
0 0.3125 0.23828125 0.025 0.0140625
0 0.36328125 0.23671875 0.025 0.0140625
0 0.73828125 0.22265625 0.025 0.0125
0 0.7140625 0.2234375 0.0234375 0.0140625
0 0.6890625 0.2234375 0.025 0.0140625
0 0.6390625 0.22578125 0.0265625 0.0140625
0 0.61328125 0.22734375 0.025 0.0171875
0 0.5890625 0.228125 0.0234375 0.0140625
0 0.5640625 0.228125 0.025 0.0140625
0 0.5140625 0.23046875 0.025 0.0171875
0 0.4890625 0.23203125 0.025 0.0140625
0 0.4625 0.23203125 0.025 0.0140625
0 0.4390625 0.234375 0.025 0.0140625
0 0.41328125 0.2328125 0.025 0.0140625
0 0.38828125 0.234375 0.0265625 0.0140625
0 0.7203125 0.4984375 0.021875 0.009375
1 0.5015625 0.1515625 0.603125 0.0453125
1 0.50625 0.4265625 0.603125 0.0390625
2 0.2140625 0.2390625 0.0296875 0.1203125
2 0.22265625 0.5046875 0.0296875 0.115625
3 0.22265625 0.5171875 0.021875 0.009375