4 0.22578125 0.15625 0.0265625 0.025
4 0.2515625 0.1578125 0.025 0.021875
4 0.275 0.1578125 0.021875 0.021875
4 0.30078125 0.1578125 0.025 0.021875
4 0.32578125 0.1578125 0.021875 0.0203125
4 0.35078125 0.1578125 0.021875 0.0203125
4 0.375 0.15859375 0.021875 0.021875
4 0.4015625 0.15859375 0.021875 0.021875
4 0.4265625 0.16015625 0.021875 0.0203125
4 0.4515625 0.1578125 0.021875 0.021875
4 0.47578125 0.1578125 0.021875 0.0203125
4 0.5015625 0.15859375 0.021875 0.021875
4 0.5265625 0.1609375 0.021875 0.0203125
4 0.55078125 0.1625 0.025 0.0171875
4 0.79921875 0.1625 0.021875 0.0171875
4 0.775 0.1625 0.025 0.0203125
4 0.75 0.16328125 0.021875 0.021875
4 0.725 0.1625 0.025 0.0171875
4 0.70078125 0.16328125 0.025 0.0203125
4 0.6765625 0.16484375 0.0234375 0.0171875
4 0.6515625 0.16328125 0.0234375 0.0203125
4 0.6265625 0.1609375 0.025 0.0171875
4 0.60234375 0.1609375 0.021875 0.0171875
4 0.5765625 0.1625 0.021875 0.0171875
1 0.51171875 0.16015625 0.6078125 0.0453125
2 0.225 0.35546875 0.03125 0.43125
3 0.22734375 0.46640625 0.025 0.0125
3 0.228125 0.396875 0.021875 0.0125
3 0.22578125 0.37109375 0.025 0.0140625
3 0.22578125 0.34609375 0.021875 0.009375
3 0.22578125 0.33046875 0.021875 0.0125
3 0.22578125 0.28125 0.021875 0.009375
3 0.22578125 0.2640625 0.0203125 0.009375
3 0.22578125 0.234375 0.021875 0.0125
3 0.22578125 0.21875 0.021875 0.009375
3 0.22578125 0.209375 0.025 0.0078125
0 0.2515625 0.3484375 0.021875 0.009375
0 0.2515625 0.3390625 0.0203125 0.009375
0 0.2515625 0.36171875 0.021875 0.009375
0 0.2515625 0.39921875 0.021875 0.0078125
0 0.25234375 0.4125 0.0203125 0.0078125
0 0.25234375 0.42421875 0.021875 0.0125
0 0.25234375 0.46015625 0.021875 0.0171875
0 0.25234375 0.44609375 0.021875 0.0140625
0 0.24609375 0.55625 0.0296875 0.028125
0 0.24609375 0.52265625 0.0265625 0.028125
0 0.2765625 0.42578125 0.021875 0.0125
0 0.275 0.4109375 0.021875 0.0125
0 0.2765625 0.39921875 0.021875 0.009375
0 0.2765625 0.459375 0.021875 0.0140625
0 0.2765625 0.44453125 0.021875 0.0140625
0 0.27421875 0.521875 0.0265625 0.0265625
0 0.27421875 0.5578125 0.0265625 0.028125
0 0.275 0.35 0.021875 0.009375
0 0.275 0.33984375 0.021875 0.009375
0 0.275 0.36171875 0.021875 0.0125
0 0.3015625 0.459375 0.0234375 0.0140625
0 0.30078125 0.4265625 0.025 0.0140625
0 0.30078125 0.4015625 0.025 0.0125
0 0.30078125 0.41328125 0.025 0.0125
3 0.22578125 0.2046875 0.021875 0.0046875
0 0.29921875 0.36328125 0.0203125 0.009375
0 0.29921875 0.35234375 0.021875 0.009375
0 0.29921875 0.34140625 0.021875 0.009375
0 0.30078125 0.5578125 0.025 0.028125
0 0.7671875 0.52890625 0.021875 0.021875
0 0.765625 0.56484375 0.025 0.03125
0 0.76796875 0.46484375 0.025 0.0125
0 0.76796875 0.45078125 0.025 0.0125
0 0.76953125 0.428125 0.025 0.0140625
0 0.7703125 0.40234375 0.021875 0.0125
0 0.77265625 0.3734375 0.021875 0.0125
0 0.74296875 0.46484375 0.021875 0.0125
0 0.74375 0.43046875 0.025 0.0125
0 0.74609375 0.4046875 0.025 0.009375
0 0.74765625 0.353125 0.025 0.009375
0 0.7484375 0.34375 0.021875 0.009375
0 0.30078125 0.44609375 0.025 0.0125
0 0.32578125 0.46015625 0.0234375 0.0140625
0 0.32421875 0.428125 0.025 0.0125
0 0.32578125 0.415625 0.0234375 0.0125
0 0.32421875 0.40234375 0.025 0.0125
0 0.32421875 0.3640625 0.021875 0.0125
0 0.32421875 0.35234375 0.025 0.009375
0 0.32421875 0.33984375 0.021875 0.0125
0 0.546875 0.52734375 0.0296875 0.0296875
0 0.5484375 0.46875 0.025 0.0171875
0 0.5484375 0.43515625 0.025 0.0140625
0 0.5484375 0.4078125 0.025 0.009375
0 0.5484375 0.4203125 0.025 0.0140625
0 0.54921875 0.35234375 0.025 0.009375
0 0.54921875 0.34140625 0.025 0.0125
0 0.52265625 0.4671875 0.0234375 0.0140625
0 0.52421875 0.4359375 0.0234375 0.0140625
0 0.52265625 0.421875 0.0234375 0.0125
0 0.52421875 0.4078125 0.0234375 0.0125
0 0.52421875 0.35234375 0.021875 0.0125
0 0.52421875 0.3640625 0.021875 0.009375
0 0.52421875 0.34140625 0.021875 0.009375
0 0.4984375 0.4671875 0.025 0.0125
0 0.49765625 0.43515625 0.025 0.0125
0 0.49765625 0.421875 0.021875 0.0125
0 0.49765625 0.40859375 0.025 0.0125
0 0.521875 0.52734375 0.021875 0.0265625
0 0.4984375 0.365625 0.021875 0.009375
0 0.4984375 0.35234375 0.021875 0.0125
0 0.5 0.34140625 0.025 0.009375
0 0.35 0.46015625 0.021875 0.0125
0 0.35 0.42890625 0.0234375 0.0125
0 0.35 0.4171875 0.0234375 0.0125
0 0.3484375 0.4046875 0.0234375 0.009375
0 0.35 0.35234375 0.021875 0.009375
0 0.3484375 0.365625 0.021875 0.009375
0 0.3484375 0.34140625 0.021875 0.009375
0 0.375 0.35078125 0.021875 0.009375
0 0.375 0.34140625 0.021875 0.009375
0 0.375 0.46171875 0.0265625 0.0140625
0 0.3734375 0.42890625 0.0234375 0.0125
0 0.3734375 0.4171875 0.0234375 0.0125
0 0.3734375 0.40390625 0.0234375 0.009375
0 0.4734375 0.46640625 0.025 0.0140625
0 0.4734375 0.43515625 0.025 0.0140625
0 0.4734375 0.4078125 0.021875 0.0125
0 0.4734375 0.4203125 0.025 0.0125
0 0.44921875 0.46640625 0.025 0.0171875
0 0.4484375 0.43359375 0.025 0.0125
0 0.4484375 0.4203125 0.025 0.0125
0 0.4484375 0.4078125 0.025 0.0125
0 0.71875 0.46484375 0.021875 0.0140625
0 0.72109375 0.4328125 0.021875 0.0125
0 0.72265625 0.4046875 0.021875 0.009375
0 0.72109375 0.41796875 0.021875 0.009375
0 0.69609375 0.46484375 0.021875 0.0140625
0 0.696875 0.43359375 0.025 0.0125
0 0.6984375 0.4203125 0.021875 0.009375
0 0.6984375 0.40625 0.021875 0.0125
0 0.69921875 0.3546875 0.021875 0.0125
0 0.69921875 0.34375 0.025 0.009375
0 0.7234375 0.3421875 0.021875 0.009375
0 0.7234375 0.353125 0.021875 0.0125
0 0.69921875 0.36875 0.025 0.0140625
0 0.7234375 0.36796875 0.0234375 0.0140625
0 0.74765625 0.36328125 0.025 0.009375
0 0.6703125 0.5265625 0.025 0.021875
0 0.6734375 0.46640625 0.025 0.0140625
0 0.6734375 0.4328125 0.021875 0.0140625
0 0.67421875 0.4078125 0.021875 0.009375
0 0.64765625 0.4671875 0.0234375 0.0171875
0 0.64921875 0.4359375 0.0234375 0.0140625
0 0.64921875 0.421875 0.0234375 0.0125
0 0.65 0.40859375 0.025 0.0140625
0 0.65 0.3546875 0.021875 0.009375
0 0.65 0.34375 0.025 0.009375
0 0.65 0.36640625 0.025 0.0125
0 0.77265625 0.36171875 0.021875 0.009375
0 0.37265625 0.52265625 0.0265625 0.0234375
0 0.42421875 0.52421875 0.021875 0.0234375
0 0.42421875 0.49140625 0.025 0.0140625
0 0.42421875 0.4640625 0.025 0.0171875
0 0.39921875 0.4625 0.021875 0.0171875
0 0.39921875 0.43046875 0.021875 0.0140625
0 0.4234375 0.43125 0.025 0.0140625
0 0.39921875 0.41796875 0.021875 0.009375
0 0.39921875 0.40625 0.021875 0.0125
0 0.42421875 0.40625 0.025 0.0125
0 0.4234375 0.41796875 0.025 0.0125
0 0.71875 0.4515625 0.021875 0.0125
0 0.74296875 0.4515625 0.0234375 0.0125
0 0.42421875 0.45078125 0.021875 0.009375
0 0.39921875 0.35078125 0.021875 0.0125
0 0.39921875 0.34140625 0.021875 0.0078125
0 0.44921875 0.353125 0.021875 0.009375
0 0.44921875 0.3421875 0.021875 0.009375
0 0.4484375 0.36640625 0.021875 0.0125
0 0.4734375 0.365625 0.025 0.0125
0 0.4734375 0.353125 0.021875 0.009375
0 0.475 0.3421875 0.025 0.0125
0 0.3734375 0.48828125 0.021875 0.0125
0 0.62265625 0.4671875 0.025 0.0125
0 0.6234375 0.4359375 0.025 0.0125
0 0.625 0.4234375 0.025 0.0125
0 0.6234375 0.40859375 0.025 0.0125
0 0.625 0.36640625 0.021875 0.0125
0 0.625 0.353125 0.021875 0.0125
0 0.625 0.3421875 0.025 0.009375
0 0.546875 0.49140625 0.025 0.0140625
0 0.5734375 0.4671875 0.0234375 0.0140625
0 0.5734375 0.4359375 0.0234375 0.0140625
0 0.5734375 0.4203125 0.0234375 0.0125
0 0.57421875 0.4078125 0.025 0.0125
0 0.6 0.4078125 0.025 0.0125
0 0.6 0.421875 0.025 0.0125
0 0.5984375 0.4359375 0.0234375 0.0140625
0 0.5984375 0.4671875 0.0265625 0.0140625
0 0.6 0.36640625 0.021875 0.0140625
0 0.6 0.353125 0.021875 0.0125
0 0.6 0.3421875 0.025 0.009375
0 0.57421875 0.365625 0.021875 0.0125
0 0.57421875 0.353125 0.025 0.0125
0 0.57421875 0.34140625 0.021875 0.009375
0 0.5453125 0.56015625 0.025 0.0265625
0 0.56953125 0.56015625 0.0234375 0.028125
0 0.3234375 0.55546875 0.021875 0.028125
0 0.37265625 0.55625 0.0234375 0.028125
0 0.74140625 0.52890625 0.0234375 0.028125
0 0.69453125 0.5265625 0.0234375 0.021875
0 0.39921875 0.55546875 0.0234375 0.028125
0 0.4984375 0.55859375 0.025 0.0265625
0 0.4484375 0.55546875 0.0265625 0.028125
0 0.475 0.55625 0.025 0.028125
0 0.421875 0.55390625 0.025 0.028125
0 0.34765625 0.55546875 0.025 0.034375
0 0.59375 0.55859375 0.025 0.0296875
0 0.521875 0.55859375 0.021875 0.0296875
0 0.32578125 0.44609375 0.0234375 0.0125
0 0.5484375 0.4546875 0.025 0.009375
0 0.64765625 0.4546875 0.0265625 0.009375
0 0.3734375 0.4484375 0.0234375 0.0125
0 0.61875 0.55859375 0.0265625 0.03125
0 0.64453125 0.5609375 0.025 0.028125
0 0.740625 0.56015625 0.025 0.03125
0 0.69375 0.5609375 0.025 0.028125
0 0.7171875 0.5609375 0.021875 0.028125
0 0.66953125 0.56015625 0.025 0.03125
0 0.71640625 0.5265625 0.021875 0.0265625
0 0.47265625 0.525 0.025 0.0203125
0 0.30078125 0.521875 0.025 0.025
0 0.39921875 0.36640625 0.021875 0.0125
0 0.42421875 0.35078125 0.025 0.009375
0 0.4734375 0.4546875 0.021875 0.009375
0 0.52265625 0.45546875 0.0234375 0.0125
0 0.2765625 0.4859375 0.021875 0.0140625
0 0.30078125 0.4859375 0.025 0.0140625
0 0.6734375 0.453125 0.021875 0.0125
0 0.69609375 0.453125 0.0234375 0.0125