4 0.22578125 0.1578125 0.021875 0.0171875
4 0.2515625 0.1578125 0.021875 0.0140625
4 0.2765625 0.15859375 0.0203125 0.0140625
4 0.30078125 0.1578125 0.021875 0.0140625
4 0.32578125 0.15859375 0.021875 0.0140625
4 0.35078125 0.1578125 0.021875 0.0171875
4 0.3765625 0.15859375 0.021875 0.021875
4 0.4015625 0.1578125 0.021875 0.0203125
4 0.4265625 0.1578125 0.021875 0.0203125
4 0.80078125 0.1625 0.025 0.0140625
4 0.7765625 0.1625 0.021875 0.0203125
4 0.7515625 0.1625 0.021875 0.0203125
4 0.72578125 0.1609375 0.021875 0.0203125
4 0.7015625 0.1609375 0.021875 0.0171875
4 0.678125 0.1609375 0.021875 0.0171875
4 0.65234375 0.1609375 0.025 0.0203125
4 0.62734375 0.16015625 0.021875 0.0203125
4 0.60234375 0.16015625 0.021875 0.0203125
4 0.5765625 0.1609375 0.021875 0.0203125
4 0.5515625 0.1609375 0.021875 0.0171875
4 0.5015625 0.15859375 0.0203125 0.0203125
4 0.5265625 0.15859375 0.021875 0.0203125
4 0.47578125 0.15859375 0.021875 0.021875
4 0.4515625 0.1578125 0.021875 0.0203125
1 0.5140625 0.15859375 0.615625 0.0296875
2 0.22578125 0.33203125 0.03125 0.30625
3 0.22578125 0.33046875 0.021875 0.0125
3 0.22578125 0.34609375 0.021875 0.0125
3 0.22578125 0.37109375 0.025 0.0125
3 0.22734375 0.3953125 0.025 0.009375
3 0.22578125 0.46484375 0.021875 0.0140625
3 0.22578125 0.2796875 0.021875 0.0125
3 0.22578125 0.26328125 0.021875 0.0125
3 0.22578125 0.2328125 0.021875 0.0125
3 0.22578125 0.2171875 0.021875 0.0125
3 0.22734375 0.209375 0.021875 0.0078125
0 0.25234375 0.4578125 0.021875 0.0125
0 0.2765625 0.45703125 0.021875 0.0125
0 0.30078125 0.45703125 0.021875 0.0125
0 0.32578125 0.4578125 0.0234375 0.0125
0 0.35078125 0.459375 0.021875 0.0140625
0 0.375 0.459375 0.025 0.0140625
0 0.39921875 0.46171875 0.021875 0.0125
0 0.42421875 0.4625 0.025 0.0140625
0 0.4484375 0.4640625 0.025 0.0140625
0 0.4734375 0.46484375 0.021875 0.0125
0 0.4984375 0.46484375 0.021875 0.0125
0 0.52265625 0.46640625 0.021875 0.0140625
0 0.5484375 0.46640625 0.025 0.0125
0 0.57421875 0.4671875 0.0203125 0.0125
0 0.5984375 0.46640625 0.021875 0.0125
0 0.6234375 0.46640625 0.025 0.0125
0 0.64921875 0.46640625 0.0234375 0.0140625
0 0.6734375 0.46640625 0.025 0.0140625
0 0.69609375 0.46484375 0.0234375 0.0125
0 0.7203125 0.4640625 0.021875 0.0140625
0 0.76796875 0.4640625 0.025 0.0140625
0 0.74296875 0.4640625 0.021875 0.0140625
0 0.25234375 0.4234375 0.021875 0.0140625
0 0.2765625 0.4234375 0.021875 0.0140625
0 0.30078125 0.42421875 0.021875 0.0125
0 0.32578125 0.42578125 0.0234375 0.0140625
0 0.35 0.4265625 0.021875 0.0140625
0 0.375 0.4265625 0.025 0.0171875
0 0.39921875 0.428125 0.021875 0.0140625
0 0.76953125 0.4265625 0.021875 0.0140625
0 0.7453125 0.42890625 0.021875 0.0140625
0 0.72265625 0.43046875 0.021875 0.0140625
0 0.6984375 0.4328125 0.0234375 0.0140625
0 0.67421875 0.43125 0.021875 0.0140625
0 0.65 0.43359375 0.025 0.0125
0 0.625 0.43515625 0.025 0.0140625
0 0.6 0.43515625 0.025 0.0125
0 0.57421875 0.43515625 0.025 0.0125
0 0.54921875 0.43515625 0.025 0.0125
0 0.52265625 0.43515625 0.0234375 0.0125
0 0.4984375 0.43515625 0.025 0.0125
0 0.4734375 0.43359375 0.025 0.0125
0 0.4484375 0.4328125 0.025 0.0125
0 0.42421875 0.43046875 0.021875 0.0125
0 0.2515625 0.39765625 0.021875 0.009375
0 0.25234375 0.41015625 0.021875 0.0125
0 0.275 0.39765625 0.021875 0.009375
0 0.2765625 0.4109375 0.021875 0.009375
0 0.29921875 0.39921875 0.021875 0.009375
0 0.32421875 0.4015625 0.021875 0.009375
0 0.32421875 0.4125 0.025 0.0125
0 0.29921875 0.4109375 0.0234375 0.0125
0 0.35 0.40234375 0.0234375 0.0125
0 0.35 0.41484375 0.0234375 0.009375
0 0.3734375 0.40234375 0.0234375 0.009375
0 0.3734375 0.41328125 0.0234375 0.009375
0 0.74609375 0.40390625 0.021875 0.0078125
0 0.74609375 0.41484375 0.025 0.0125
0 0.69921875 0.4046875 0.021875 0.009375
0 0.6984375 0.41796875 0.021875 0.0125
0 0.72265625 0.40390625 0.021875 0.009375
0 0.72265625 0.415625 0.021875 0.0125
0 0.2515625 0.3375 0.021875 0.009375
0 0.2515625 0.34765625 0.021875 0.009375
0 0.2515625 0.3578125 0.021875 0.0078125
0 0.275 0.3375 0.0203125 0.009375
0 0.275 0.3484375 0.021875 0.009375
0 0.275 0.359375 0.021875 0.009375
0 0.67578125 0.40625 0.021875 0.0125
0 0.29921875 0.3390625 0.0234375 0.009375
0 0.29921875 0.3484375 0.0234375 0.0125
0 0.29921875 0.3609375 0.0234375 0.0125
0 0.32421875 0.3390625 0.021875 0.0125
0 0.32421875 0.35 0.025 0.0140625
0 0.32421875 0.3640625 0.025 0.0140625
0 0.35 0.34140625 0.021875 0.009375
0 0.35 0.35078125 0.021875 0.0140625
0 0.3484375 0.3640625 0.021875 0.0140625
0 0.375 0.33984375 0.021875 0.0125
0 0.375 0.35078125 0.025 0.0140625
0 0.3734375 0.3640625 0.0234375 0.0140625
0 0.4 0.34140625 0.0234375 0.009375
0 0.4 0.35 0.0234375 0.0125
0 0.4 0.3640625 0.0234375 0.0171875
0 0.44921875 0.34140625 0.025 0.0125
0 0.44921875 0.35234375 0.025 0.0125
0 0.44921875 0.365625 0.025 0.0140625
0 0.4734375 0.34140625 0.025 0.0125
0 0.4734375 0.35078125 0.025 0.0125
0 0.475 0.365625 0.025 0.0171875
0 0.5 0.33984375 0.025 0.0125
0 0.4984375 0.35234375 0.025 0.0125
0 0.4984375 0.365625 0.021875 0.0140625
0 0.525 0.34140625 0.025 0.0125
0 0.52421875 0.35234375 0.0234375 0.0125
0 0.52421875 0.36328125 0.0234375 0.0140625
0 0.54921875 0.35078125 0.025 0.0125
0 0.57578125 0.33984375 0.025 0.0125
0 0.57421875 0.35234375 0.025 0.0125
0 0.57578125 0.3640625 0.025 0.0125
0 0.6265625 0.35234375 0.021875 0.0125
0 0.6515625 0.35234375 0.0234375 0.0125
0 0.625 0.3421875 0.025 0.009375
0 0.65 0.34140625 0.025 0.009375
0 0.625 0.3640625 0.021875 0.0125
0 0.6515625 0.365625 0.021875 0.0140625
0 0.60078125 0.33984375 0.0234375 0.0125
0 0.6 0.35234375 0.025 0.0125
0 0.6 0.3640625 0.025 0.0125
0 0.69921875 0.34140625 0.0265625 0.0125
0 0.70078125 0.3546875 0.025 0.0125
0 0.70078125 0.36640625 0.025 0.0125
0 0.725 0.34140625 0.025 0.009375
0 0.725 0.35234375 0.021875 0.0140625
0 0.75 0.34140625 0.025 0.0125
0 0.7484375 0.35234375 0.025 0.009375
0 0.7234375 0.36640625 0.021875 0.0140625
0 0.7703125 0.4 0.0234375 0.0140625
0 0.77265625 0.37265625 0.021875 0.0125
0 0.65 0.41953125 0.021875 0.0125
0 0.65 0.40859375 0.025 0.0125
0 0.39921875 0.40390625 0.021875 0.0125
0 0.39921875 0.415625 0.021875 0.0125
0 0.4234375 0.40390625 0.021875 0.0125
0 0.4234375 0.4171875 0.025 0.0125
0 0.4484375 0.4046875 0.025 0.0125
0 0.4484375 0.41953125 0.025 0.0140625
0 0.4734375 0.4046875 0.025 0.0125
0 0.4734375 0.41953125 0.025 0.0140625
0 0.4984375 0.4046875 0.025 0.0125
0 0.4984375 0.4203125 0.025 0.0171875
0 0.6234375 0.4078125 0.025 0.0140625
0 0.625 0.4203125 0.025 0.0140625
0 0.6 0.40625 0.025 0.0140625
0 0.6 0.4203125 0.025 0.0140625
0 0.57421875 0.40625 0.025 0.0140625
0 0.57421875 0.4203125 0.025 0.0140625
0 0.54921875 0.4046875 0.025 0.0140625
0 0.54921875 0.4203125 0.025 0.0203125
0 0.52421875 0.40625 0.0234375 0.0140625
0 0.52421875 0.4203125 0.0234375 0.0140625
0 0.67578125 0.41796875 0.021875 0.0125
0 0.70078125 0.32109375 0.021875 0.009375
0 0.70078125 0.30859375 0.025 0.0125
0 0.6515625 0.3078125 0.021875 0.0125
0 0.6515625 0.31953125 0.0234375 0.0125
0 0.6265625 0.3078125 0.021875 0.009375
0 0.625 0.31953125 0.021875 0.0125
0 0.60078125 0.3078125 0.0234375 0.0125
0 0.60078125 0.31953125 0.0234375 0.0125
0 0.44921875 0.3078125 0.021875 0.0140625
0 0.45078125 0.31953125 0.025 0.009375
0 0.475 0.31875 0.021875 0.009375
0 0.475 0.30859375 0.021875 0.0125
0 0.4 0.31875 0.021875 0.0125
0 0.275 0.3171875 0.0203125 0.009375
0 0.275 0.30546875 0.021875 0.0125
0 0.25 0.303125 0.021875 0.0125
0 0.2515625 0.31484375 0.021875 0.0125
0 0.29921875 0.31640625 0.021875 0.0125
0 0.32578125 0.30625 0.021875 0.009375
0 0.32578125 0.3171875 0.021875 0.009375
0 0.29921875 0.30546875 0.0234375 0.009375
0 0.57578125 0.31875 0.021875 0.0140625
0 0.57578125 0.30625 0.021875 0.0125