2 0.22578125 0.3328125 0.03125 0.2953125
3 0.22578125 0.234375 0.021875 0.009375
3 0.22578125 0.39921875 0.025 0.0125
3 0.22578125 0.37265625 0.025 0.0125
3 0.22578125 0.34765625 0.025 0.0125
3 0.225 0.33203125 0.021875 0.0125
3 0.225 0.2828125 0.021875 0.0125
3 0.225 0.265625 0.021875 0.0125
3 0.22578125 0.21875 0.021875 0.0125
4 0.22578125 0.15859375 0.0265625 0.021875
4 0.2515625 0.1578125 0.021875 0.0203125
4 0.275 0.15859375 0.021875 0.0203125
4 0.29921875 0.16015625 0.0234375 0.021875
4 0.32578125 0.15859375 0.0234375 0.021875
4 0.35078125 0.15859375 0.0234375 0.021875
4 0.3765625 0.1609375 0.0234375 0.025
3 0.225 0.209375 0.021875 0.0078125
3 0.22578125 0.203125 0.021875 0.0078125
4 0.4015625 0.16015625 0.021875 0.021875
4 0.4265625 0.16015625 0.025 0.0203125
4 0.4515625 0.1609375 0.021875 0.021875
4 0.47578125 0.1609375 0.021875 0.0203125
4 0.5015625 0.1609375 0.025 0.021875
4 0.5265625 0.1609375 0.0265625 0.021875
4 0.5515625 0.16328125 0.021875 0.0203125
4 0.80078125 0.16484375 0.0265625 0.0203125
4 0.775 0.165625 0.025 0.0203125
4 0.75 0.16328125 0.025 0.021875
4 0.72578125 0.16328125 0.0234375 0.021875
4 0.7015625 0.16328125 0.021875 0.021875
4 0.6765625 0.16328125 0.0265625 0.021875
4 0.6515625 0.16328125 0.021875 0.0203125
4 0.6265625 0.16328125 0.021875 0.0265625
4 0.60234375 0.16328125 0.0234375 0.025
4 0.5765625 0.16328125 0.025 0.025
1 0.51328125 0.1625 0.6140625 0.0328125
0 0.2515625 0.36328125 0.021875 0.0125
0 0.2515625 0.35 0.021875 0.0125
0 0.2515625 0.3375 0.021875 0.009375
0 0.275 0.36328125 0.0203125 0.0125
0 0.275 0.35 0.0203125 0.0140625
0 0.27421875 0.33984375 0.021875 0.009375
0 0.29921875 0.36328125 0.021875 0.0125
0 0.29921875 0.35078125 0.0234375 0.0125
0 0.29921875 0.3390625 0.0234375 0.0125
0 0.2515625 0.39921875 0.021875 0.0125
0 0.25234375 0.41015625 0.021875 0.0125
0 0.25234375 0.42421875 0.021875 0.0171875
0 0.25234375 0.459375 0.021875 0.0125
0 0.2515625 0.3171875 0.021875 0.0125
0 0.25 0.30546875 0.0203125 0.009375
0 0.32421875 0.34140625 0.021875 0.009375
0 0.32421875 0.35234375 0.021875 0.009375
0 0.32421875 0.3640625 0.021875 0.0125
0 0.32421875 0.40390625 0.021875 0.009375
0 0.32421875 0.41484375 0.021875 0.009375
0 0.32578125 0.428125 0.0234375 0.0140625
0 0.30078125 0.4015625 0.025 0.0125
0 0.30078125 0.4125 0.025 0.009375
0 0.30078125 0.4265625 0.025 0.0140625
0 0.275 0.4 0.021875 0.009375
0 0.275 0.4125 0.021875 0.0125
0 0.2765625 0.42578125 0.021875 0.0140625
0 0.2765625 0.4578125 0.021875 0.0140625
0 0.30078125 0.459375 0.025 0.0140625
0 0.32578125 0.46015625 0.0234375 0.0140625
0 0.35 0.46171875 0.021875 0.0171875
0 0.35 0.42890625 0.0234375 0.0140625
0 0.3484375 0.415625 0.021875 0.009375
0 0.3484375 0.4046875 0.021875 0.0125
0 0.35 0.353125 0.021875 0.0125
0 0.35 0.3421875 0.021875 0.0125
0 0.3484375 0.365625 0.021875 0.0125
0 0.275 0.31875 0.0203125 0.0125
0 0.29921875 0.31875 0.021875 0.009375
0 0.76796875 0.46484375 0.025 0.0140625
0 0.76796875 0.44921875 0.025 0.0140625
0 0.76796875 0.42890625 0.025 0.0125
0 0.76953125 0.39921875 0.021875 0.0125
0 0.375 0.46171875 0.025 0.0171875
0 0.3734375 0.43125 0.0234375 0.0125
0 0.375 0.41796875 0.021875 0.0125
0 0.3734375 0.40625 0.021875 0.0125
0 0.375 0.35234375 0.021875 0.0125
0 0.375 0.34140625 0.025 0.009375
0 0.4 0.34140625 0.0234375 0.009375
0 0.4 0.35234375 0.0234375 0.0125
0 0.39921875 0.36640625 0.021875 0.0140625
0 0.39765625 0.40625 0.021875 0.009375
0 0.39921875 0.43125 0.021875 0.0140625
0 0.39921875 0.41796875 0.021875 0.0140625
0 0.39765625 0.4625 0.021875 0.0171875
0 0.42421875 0.4640625 0.025 0.0140625
0 0.42421875 0.43125 0.025 0.0171875
0 0.42421875 0.41796875 0.025 0.0125
0 0.4234375 0.40625 0.025 0.0125
0 0.4484375 0.4640625 0.025 0.0140625
0 0.4484375 0.4328125 0.025 0.0140625
0 0.4484375 0.40859375 0.021875 0.0140625
0 0.4484375 0.4203125 0.025 0.009375
0 0.4484375 0.36640625 0.021875 0.0125
0 0.44921875 0.3546875 0.025 0.0125
0 0.4484375 0.34375 0.021875 0.0125
0 0.4734375 0.36796875 0.021875 0.0125
0 0.4734375 0.3546875 0.025 0.0125
0 0.475 0.3421875 0.025 0.009375
0 0.47265625 0.46640625 0.021875 0.0125
0 0.47265625 0.43359375 0.021875 0.0140625
0 0.4734375 0.4203125 0.025 0.0140625
0 0.47265625 0.4078125 0.025 0.0125
0 0.49765625 0.43359375 0.025 0.0140625
0 0.49765625 0.4203125 0.025 0.0140625
0 0.49765625 0.4078125 0.025 0.0140625
0 0.49765625 0.46640625 0.025 0.0140625
0 0.4984375 0.36640625 0.021875 0.0125
0 0.4984375 0.353125 0.021875 0.0125
0 0.4984375 0.34140625 0.021875 0.0125
0 0.44921875 0.30859375 0.021875 0.0125
0 0.44921875 0.321875 0.021875 0.0125
0 0.475 0.3078125 0.021875 0.009375
0 0.475 0.26171875 0.021875 0.009375
0 0.44921875 0.2796875 0.021875 0.0125
0 0.44921875 0.26328125 0.021875 0.009375
0 0.74296875 0.46484375 0.021875 0.0125
0 0.74375 0.43046875 0.025 0.0125
0 0.7453125 0.4046875 0.021875 0.009375
0 0.74765625 0.353125 0.021875 0.009375
0 0.74765625 0.3453125 0.021875 0.009375
0 0.7203125 0.46484375 0.025 0.0140625
0 0.7203125 0.453125 0.025 0.0125
0 0.72109375 0.43046875 0.025 0.0140625
0 0.72109375 0.41953125 0.0203125 0.0125
0 0.72265625 0.40625 0.021875 0.0125
0 0.7234375 0.3546875 0.021875 0.009375
0 0.7234375 0.34375 0.021875 0.009375
0 0.7234375 0.36640625 0.021875 0.0125
0 0.725 0.321875 0.021875 0.009375
0 0.725 0.3109375 0.025 0.009375
0 0.696875 0.4328125 0.025 0.0140625
0 0.6984375 0.4203125 0.021875 0.009375
0 0.6984375 0.4078125 0.0234375 0.0125
0 0.69609375 0.46484375 0.021875 0.0140625
0 0.69921875 0.36796875 0.021875 0.009375
0 0.69921875 0.3546875 0.021875 0.0125
0 0.69921875 0.34375 0.025 0.0125
0 0.69921875 0.321875 0.021875 0.0125
0 0.69921875 0.3109375 0.025 0.009375
0 0.65 0.2828125 0.025 0.0078125
0 0.70078125 0.2828125 0.021875 0.0078125
0 0.70078125 0.2765625 0.021875 0.0046875
0 0.69921875 0.26328125 0.021875 0.0078125
0 0.65 0.321875 0.021875 0.009375
0 0.65 0.31015625 0.025 0.009375
0 0.65 0.36796875 0.025 0.0125
0 0.6515625 0.3546875 0.0234375 0.0125
0 0.65 0.34375 0.025 0.009375
0 0.65 0.4078125 0.025 0.0125
0 0.65 0.421875 0.025 0.0125
0 0.64921875 0.43515625 0.0234375 0.0125
0 0.64765625 0.4671875 0.0234375 0.0140625
0 0.6734375 0.43359375 0.025 0.0125
0 0.671875 0.46640625 0.025 0.0140625
0 0.67421875 0.40859375 0.021875 0.009375
0 0.625 0.36640625 0.021875 0.0125
0 0.625 0.3546875 0.025 0.0125
0 0.625 0.34375 0.021875 0.0125
0 0.6234375 0.40859375 0.025 0.0140625
0 0.625 0.4234375 0.025 0.0125
0 0.6234375 0.4359375 0.025 0.0140625
0 0.62265625 0.46875 0.025 0.0140625
3 0.22578125 0.4671875 0.0265625 0.009375
0 0.59765625 0.46875 0.025 0.0140625
0 0.5984375 0.4359375 0.0234375 0.0125
0 0.6 0.4234375 0.025 0.0125
0 0.5984375 0.40859375 0.0234375 0.0125
0 0.6 0.36640625 0.021875 0.0125
0 0.6 0.3546875 0.021875 0.0125
0 0.6 0.34375 0.025 0.009375
0 0.5734375 0.46875 0.021875 0.0125
0 0.5484375 0.4671875 0.025 0.0140625
0 0.52265625 0.4671875 0.0234375 0.0140625
0 0.52265625 0.43515625 0.0234375 0.0125
0 0.52265625 0.4234375 0.021875 0.0125
0 0.52265625 0.4078125 0.021875 0.0125
0 0.5734375 0.40859375 0.0234375 0.0125
0 0.57421875 0.421875 0.021875 0.0125
0 0.57421875 0.4359375 0.025 0.0125
0 0.54921875 0.43515625 0.025 0.0140625
0 0.54921875 0.4203125 0.025 0.0125
0 0.5484375 0.4078125 0.025 0.0125
0 0.52421875 0.353125 0.021875 0.0125
0 0.52421875 0.34140625 0.021875 0.009375
0 0.52421875 0.36640625 0.0234375 0.009375
0 0.57421875 0.353125 0.021875 0.0125
0 0.57421875 0.3421875 0.021875 0.0125
0 0.57421875 0.365625 0.021875 0.0125
0 0.54921875 0.353125 0.025 0.009375
0 0.625 0.30859375 0.021875 0.009375
0 0.625 0.3328125 0.021875 0.009375
0 0.6265625 0.32109375 0.025 0.0125
0 0.6 0.30859375 0.021875 0.009375
0 0.57421875 0.321875 0.021875 0.009375
0 0.57421875 0.30859375 0.025 0.0125
0 0.52421875 0.32109375 0.021875 0.009375
0 0.4984375 0.31953125 0.021875 0.009375
0 0.74375 0.4171875 0.025 0.0125
0 0.525 0.2796875 0.0203125 0.0078125
0 0.57421875 0.26328125 0.0203125 0.0078125
0 0.5 0.2609375 0.021875 0.0078125
0 0.475 0.27890625 0.021875 0.009375
0 0.475 0.32109375 0.021875 0.009375
0 0.525 0.26171875 0.0203125 0.0078125
0 0.771875 0.37265625 0.0203125 0.0125
0 0.771875 0.3609375 0.0203125 0.0125