2 0.21484375 0.3421875 0.0296875 0.61875
3 0.2171875 0.484375 0.0265625 0.0171875
3 0.21640625 0.2859375 0.021875 0.0140625
3 0.2171875 0.37109375 0.0265625 0.0140625
3 0.21484375 0.18046875 0.021875 0.0140625
3 0.21484375 0.24375 0.021875 0.0125
3 0.2140625 0.14453125 0.021875 0.0125
3 0.2140625 0.12265625 0.021875 0.0140625
3 0.2140625 0.109375 0.021875 0.0125
3 0.2140625 0.10078125 0.021875 0.00625
3 0.2171875 0.51953125 0.025 0.0125
3 0.2171875 0.53828125 0.025 0.0125
3 0.2171875 0.5578125 0.025 0.0125
3 0.2171875 0.5921875 0.025 0.0203125
4 0.2140625 0.0421875 0.025 0.0140625
4 0.18359375 0.040625 0.0265625 0.0171875
4 0.23828125 0.0421875 0.021875 0.0140625
4 0.76171875 0.02890625 0.0265625 0.0171875
4 0.73828125 0.0296875 0.025 0.0203125
4 0.71171875 0.03125 0.0234375 0.0203125
4 0.6890625 0.03125 0.025 0.0203125
4 0.66328125 0.03125 0.0234375 0.0203125
4 0.63671875 0.03125 0.0265625 0.0203125
4 0.61328125 0.03125 0.021875 0.0203125
4 0.5890625 0.03125 0.0234375 0.021875
4 0.5640625 0.0328125 0.025 0.0171875
4 0.51328125 0.03359375 0.025 0.0203125
4 0.53828125 0.03359375 0.0234375 0.0203125
4 0.26328125 0.040625 0.0234375 0.0203125
4 0.28828125 0.03984375 0.021875 0.0171875
4 0.3125 0.040625 0.025 0.0171875
4 0.48828125 0.03359375 0.025 0.0203125
4 0.4640625 0.03515625 0.025 0.0171875
4 0.4390625 0.03515625 0.025 0.0171875
4 0.41328125 0.0375 0.025 0.0203125
4 0.38828125 0.03828125 0.0234375 0.0171875
4 0.36328125 0.03828125 0.025 0.0203125
4 0.3375 0.03984375 0.0234375 0.0171875
1 0.47265625 0.03359375 0.61875 0.053125