0 0.58984375 0.178125 0.025 0.0125
0 0.55859375 0.2140625 0.025 0.009375
0 0.58984375 0.21484375 0.025 0.0171875
0 0.71640625 0.2171875 0.0265625 0.0125
0 0.40234375 0.22109375 0.025 0.0125
0 0.30859375 0.22265625 0.025 0.0125
0 0.56015625 0.225 0.0265625 0.0125
0 0.43359375 0.22734375 0.0265625 0.0171875
0 0.62109375 0.2390625 0.03125 0.0203125
0 0.30859375 0.24296875 0.025 0.0140625
0 0.43359375 0.2453125 0.0265625 0.0125
0 0.18359375 0.24765625 0.025 0.0171875
0 0.87109375 0.25234375 0.0296875 0.0140625
0 0.77734375 0.259375 0.025 0.0125
0 0.30859375 0.2609375 0.025 0.0203125
0 0.59140625 0.2703125 0.0265625 0.0171875
0 0.93359375 0.275 0.03125 0.0171875
0 0.77734375 0.27734375 0.025 0.0125
0 0.37265625 0.2796875 0.0296875 0.0125
0 0.34140625 0.2796875 0.0234375 0.0125
0 0.24609375 0.28359375 0.0265625 0.0140625
0 0.21640625 0.28359375 0.0265625 0.0140625
0 0.93359375 0.2953125 0.03125 0.0140625
0 0.43515625 0.3109375 0.0265625 0.0171875
0 0.59140625 0.31484375 0.0265625 0.0203125
0 0.6203125 0.31484375 0.0265625 0.0203125
0 0.56015625 0.31640625 0.0265625 0.0140625
0 0.52890625 0.3171875 0.0265625 0.0171875
0 0.27890625 0.32109375 0.0265625 0.021875
0 0.31015625 0.321875 0.0234375 0.0171875
0 0.08984375 0.3234375 0.0265625 0.0125
0 0.12109375 0.32421875 0.0296875 0.0125
0 0.18359375 0.3265625 0.0296875 0.0125
0 0.62109375 0.3375 0.0296875 0.0171875
0 0.84140625 0.3453125 0.03125 0.0234375
0 0.43359375 0.3453125 0.025 0.0171875
0 0.87109375 0.34609375 0.0296875 0.021875
0 0.90234375 0.34765625 0.03125 0.025
0 0.18359375 0.34765625 0.0296875 0.0140625
0 0.65390625 0.35 0.028125 0.0234375
0 0.74765625 0.35078125 0.028125 0.0234375
0 0.93515625 0.35078125 0.03125 0.021875
0 0.80859375 0.35078125 0.0265625 0.0203125
0 0.77734375 0.35078125 0.0265625 0.0203125
0 0.27890625 0.35234375 0.0265625 0.0359375
0 0.4984375 0.35546875 0.0265625 0.0171875
0 0.59140625 0.35546875 0.028125 0.021875
0 0.71640625 0.35546875 0.028125 0.025
0 0.46640625 0.35703125 0.03125 0.0265625
0 0.56015625 0.3578125 0.028125 0.0203125
0 0.5296875 0.3578125 0.025 0.0203125
0 0.68515625 0.359375 0.03125 0.0203125
0 0.62109375 0.359375 0.0265625 0.0203125
0 0.12265625 0.36796875 0.0265625 0.0171875
0 0.18515625 0.3703125 0.0296875 0.0140625
0 0.40390625 0.37109375 0.0296875 0.0140625
0 0.31015625 0.3734375 0.0234375 0.0171875
0 0.09140625 0.38125 0.0265625 0.0171875
0 0.93515625 0.384375 0.03125 0.0203125
0 0.62265625 0.3890625 0.028125 0.021875
0 0.83984375 0.390625 0.0296875 0.0171875
0 0.8734375 0.39296875 0.034375 0.021875
0 0.77734375 0.39453125 0.034375 0.025
0 0.74765625 0.3953125 0.0265625 0.0203125
0 0.65234375 0.396875 0.0265625 0.0171875
0 0.37265625 0.39921875 0.0296875 0.0203125
0 0.5 0.4 0.03125 0.021875
0 0.3421875 0.4015625 0.0296875 0.0203125
0 0.9359375 0.4015625 0.0296875 0.0203125
0 0.71640625 0.40234375 0.028125 0.0265625
0 0.4671875 0.40390625 0.0296875 0.0171875
0 0.27890625 0.40390625 0.0265625 0.0171875
0 0.6859375 0.4125 0.028125 0.021875
0 0.87265625 0.415625 0.03125 0.0203125
0 0.80859375 0.4171875 0.0265625 0.0203125
0 0.77890625 0.4171875 0.0265625 0.021875
0 0.5921875 0.41953125 0.028125 0.0171875
0 0.9359375 0.4265625 0.034375 0.0171875
0 0.4984375 0.4265625 0.03125 0.0203125
0 0.4359375 0.428125 0.03125 0.021875
0 0.12265625 0.43046875 0.0265625 0.0171875
0 0.4671875 0.4328125 0.0296875 0.021875
1 0.49375 0.04453125 0.9265625 0.075
0 0.375 0.4375 0.0296875 0.0171875
0 0.34375 0.4375 0.03125 0.0203125
0 0.2484375 0.4390625 0.0296875 0.0171875
0 0.81015625 0.43984375 0.028125 0.0203125
0 0.2171875 0.43984375 0.03125 0.0203125
0 0.65625 0.45703125 0.0265625 0.0203125
0 0.7171875 0.4578125 0.028125 0.0203125
0 0.6859375 0.459375 0.0265625 0.0203125
0 0.9359375 0.46171875 0.034375 0.0171875
0 0.4671875 0.4640625 0.0296875 0.0203125
0 0.3734375 0.46640625 0.0296875 0.0203125
0 0.3421875 0.4671875 0.0296875 0.025
0 0.2484375 0.4703125 0.0296875 0.0203125
0 0.3109375 0.4703125 0.0265625 0.021875
0 0.2171875 0.4703125 0.0296875 0.0171875
0 0.1859375 0.47109375 0.0265625 0.0171875
2 0.0578125 0.47265625 0.0484375 0.7984375
0 0.2796875 0.47578125 0.0296875 0.0203125
0 0.4046875 0.48203125 0.0296875 0.021875
0 0.8421875 0.484375 0.034375 0.0296875
0 0.3125 0.48828125 0.0265625 0.0171875
0 0.9359375 0.4890625 0.0296875 0.0296875
0 0.74765625 0.4890625 0.03125 0.0296875
0 0.90625 0.4890625 0.03125 0.0296875
0 0.3765625 0.490625 0.0296875 0.0265625
0 0.28125 0.49296875 0.0296875 0.0171875
0 0.3453125 0.49296875 0.03125 0.0265625
0 0.6546875 0.49609375 0.034375 0.0359375
0 0.2484375 0.49609375 0.0296875 0.021875
0 0.2171875 0.49609375 0.0296875 0.021875
0 0.4671875 0.49765625 0.03125 0.0296875
0 0.8109375 0.4984375 0.0296875 0.0265625
0 0.8734375 0.5 0.034375 0.0265625
0 0.7796875 0.5015625 0.028125 0.0265625
0 0.5 0.50625 0.03125 0.025
0 0.43515625 0.50703125 0.0265625 0.0203125
0 0.8109375 0.51953125 0.0296875 0.0171875
0 0.3125 0.5203125 0.0265625 0.0203125
0 0.56015625 0.5203125 0.028125 0.0203125
0 0.59375 0.5203125 0.03125 0.0203125
0 0.5296875 0.521875 0.028125 0.0203125
0 0.875 0.52265625 0.03125 0.021875
0 0.7796875 0.52265625 0.028125 0.0171875
0 0.5 0.52890625 0.0296875 0.0203125
0 0.1234375 0.53125 0.0296875 0.0203125
0 0.6859375 0.5328125 0.028125 0.034375
0 0.84375 0.5328125 0.034375 0.028125
0 0.0921875 0.53359375 0.03125 0.0203125
0 0.8109375 0.5359375 0.0296875 0.0203125
0 0.9046875 0.5359375 0.0296875 0.028125
0 0.7484375 0.5359375 0.028125 0.028125
0 0.6546875 0.5375 0.03125 0.034375
0 0.71640625 0.540625 0.034375 0.0390625
0 0.5953125 0.5421875 0.028125 0.0234375
0 0.3765625 0.54296875 0.0296875 0.0296875
0 0.5625 0.54296875 0.0296875 0.0265625
0 0.53125 0.54453125 0.0296875 0.0203125
0 0.34375 0.5453125 0.03125 0.0265625
0 0.5 0.5484375 0.03125 0.0203125
0 0.25 0.5484375 0.0296875 0.025
0 0.2171875 0.55078125 0.03125 0.025
0 0.1234375 0.55078125 0.0296875 0.0203125
0 0.3109375 0.56015625 0.0296875 0.028125
0 0.40625 0.5609375 0.0265625 0.0203125
0 0.3765625 0.56875 0.0296875 0.021875
0 0.2828125 0.56953125 0.0265625 0.0171875
0 0.34375 0.57109375 0.0296875 0.021875
0 0.0921875 0.5734375 0.03125 0.021875
0 0.25 0.57421875 0.0296875 0.021875
0 0.21875 0.57421875 0.03125 0.021875
0 0.4375 0.57421875 0.0265625 0.021875
0 0.3109375 0.58203125 0.03125 0.0171875
0 0.7796875 0.59140625 0.028125 0.025
0 0.875 0.59140625 0.0296875 0.021875
0 0.6859375 0.60546875 0.028125 0.0203125
0 0.7171875 0.6109375 0.0265625 0.0203125
0 0.9359375 0.61875 0.034375 0.0203125
0 0.4046875 0.62734375 0.03125 0.021875
0 0.3140625 0.63125 0.0296875 0.028125
0 0.5640625 0.6390625 0.028125 0.0390625
0 0.5953125 0.6390625 0.034375 0.0390625
0 0.5328125 0.6390625 0.028125 0.0390625
0 0.4375 0.640625 0.034375 0.0265625
0 0.1234375 0.65390625 0.03125 0.028125
0 0.5 0.6578125 0.03125 0.021875
0 0.28359375 0.67578125 0.03125 0.0265625
0 0.9375 0.68125 0.0359375 0.028125
0 0.8140625 0.68359375 0.034375 0.0265625
0 0.5 0.68984375 0.03125 0.028125
0 0.46875 0.69140625 0.03125 0.03125
0 0.34375 0.69375 0.03125 0.0265625
0 0.8140625 0.7078125 0.034375 0.0234375
0 0.9375 0.71171875 0.034375 0.0265625
0 0.6265625 0.7140625 0.034375 0.034375
0 0.4375 0.7171875 0.034375 0.034375
0 0.3765625 0.7203125 0.03125 0.0265625
0 0.47265625 0.72109375 0.034375 0.0265625
0 0.34375 0.72109375 0.03125 0.028125
0 0.2515625 0.72578125 0.0296875 0.028125
0 0.21875 0.72578125 0.03125 0.028125
0 0.1859375 0.72734375 0.03125 0.028125
0 0.59609375 0.7296875 0.028125 0.03125
0 0.5296875 0.7296875 0.03125 0.028125
0 0.5640625 0.7296875 0.034375 0.028125
0 0.09375 0.7328125 0.0265625 0.028125
0 0.125 0.7484375 0.034375 0.028125
0 0.28515625 0.7953125 0.034375 0.0296875
0 0.6890625 0.85703125 0.028125 0.0296875
3 0.0609375 0.8484375 0.0390625 0.0390625
3 0.06015625 0.6671875 0.040625 0.0359375
3 0.05859375 0.54296875 0.0359375 0.0296875
3 0.06015625 0.4640625 0.0359375 0.0265625
3 0.0578125 0.35 0.0390625 0.0265625
3 0.0578125 0.27734375 0.0359375 0.0296875
3 0.05625 0.2328125 0.0359375 0.0296875
3 0.05625 0.19921875 0.0390625 0.034375
3 0.05625 0.16484375 0.0359375 0.03125
3 0.05625 0.10703125 0.0359375 0.0484375
3 0.05625 0.1390625 0.040625 0.021875
4 0.04921875 0.046875 0.03125 0.0390625
4 0.9375 0.03828125 0.034375 0.04375
4 0.9046875 0.03984375 0.03125 0.04375
4 0.8703125 0.0375 0.034375 0.04375
4 0.08046875 0.0453125 0.028125 0.0390625
4 0.115625 0.04296875 0.034375 0.0390625
4 0.14765625 0.0484375 0.03125 0.0390625
4 0.178125 0.04921875 0.03125 0.0359375
4 0.209375 0.05078125 0.03125 0.0390625
4 0.24140625 0.05078125 0.0296875 0.0390625
4 0.27265625 0.05078125 0.0296875 0.0359375
4 0.30546875 0.04921875 0.034375 0.034375
4 0.33671875 0.0484375 0.0265625 0.0359375
4 0.36796875 0.05078125 0.0296875 0.040625
4 0.4 0.0484375 0.0296875 0.0328125
4 0.43125 0.05078125 0.0296875 0.034375
4 0.46171875 0.0515625 0.0265625 0.0359375
4 0.49375 0.05078125 0.0265625 0.0390625
4 0.52421875 0.0484375 0.03125 0.040625
4 0.5578125 0.0453125 0.028125 0.0359375
4 0.58984375 0.046875 0.0296875 0.0390625
4 0.62109375 0.046875 0.03125 0.0390625
4 0.65234375 0.04453125 0.03125 0.0359375
4 0.68515625 0.04453125 0.034375 0.0390625
4 0.71640625 0.0421875 0.028125 0.0359375
4 0.74765625 0.0421875 0.03125 0.0328125
4 0.7796875 0.0421875 0.03125 0.0328125
4 0.81015625 0.03828125 0.028125 0.034375
4 0.83984375 0.03828125 0.0296875 0.034375
0 0.40859375 0.91015625 0.034375 0.0453125
0 0.4078125 0.8640625 0.0390625 0.0390625
0 0.75 0.71640625 0.0359375 0.03125
0 0.65859375 0.7125 0.034375 0.0390625
0 0.1859375 0.51953125 0.0265625 0.0265625
0 0.21484375 0.31875 0.0296875 0.0171875
0 0.24609375 0.3171875 0.0265625 0.0203125
0 0.09375 0.63828125 0.0296875 0.0203125
0 0.8484375 0.7078125 0.03125 0.0265625
0 0.84609375 0.68046875 0.0296875 0.0234375
0 0.93515625 0.75234375 0.0265625 0.0265625
0 0.9359375 0.79453125 0.025 0.021875
0 0.9359375 0.81484375 0.0265625 0.0203125
0 0.6234375 0.50859375 0.025 0.0234375
0 0.65390625 0.2765625 0.021875 0.0203125
0 0.75 0.6859375 0.034375 0.0265625
0 0.90390625 0.7125 0.03125 0.025
0 0.90234375 0.68359375 0.03125 0.03125
0 0.90390625 0.46015625 0.0296875 0.021875
0 0.43359375 0.2609375 0.0296875 0.0203125
0 0.8421875 0.45703125 0.03125 0.021875
0 0.3765625 0.6890625 0.0328125 0.028125
0 0.18515625 0.38828125 0.03125 0.0125
0 0.12109375 0.27890625 0.021875 0.0171875
0 0.12109375 0.1859375 0.0265625 0.0125
0 0.12265625 0.21875 0.025 0.0140625
0 0.12109375 0.16484375 0.021875 0.0125
0 0.5578125 0.27421875 0.0265625 0.0171875
0 0.1234375 0.58984375 0.0265625 0.0140625
0 0.09140625 0.396875 0.0265625 0.0125
0 0.12265625 0.478125 0.0265625 0.0140625