0 0.40234375 0.228125 0.0265625 0.0140625
0 0.30625 0.2296875 0.0296875 0.0140625
0 0.4328125 0.2328125 0.0265625 0.0171875
0 0.12109375 0.2328125 0.0265625 0.0125
0 0.62109375 0.2453125 0.0265625 0.0125
0 0.30625 0.2515625 0.0296875 0.0140625
0 0.4328125 0.2515625 0.0265625 0.0140625
0 0.8703125 0.25390625 0.0265625 0.0171875
0 0.18359375 0.259375 0.025 0.0140625
0 0.77734375 0.2609375 0.021875 0.0125
0 0.77734375 0.28125 0.025 0.021875
0 0.37109375 0.28828125 0.0265625 0.0171875
0 0.33984375 0.28828125 0.0265625 0.0171875
0 0.24609375 0.2921875 0.0296875 0.0171875
0 0.21640625 0.2921875 0.0265625 0.0171875
0 0.4359375 0.31875 0.0296875 0.0140625
0 0.62109375 0.31953125 0.025 0.0171875
0 0.59140625 0.31953125 0.028125 0.0140625
0 0.56015625 0.32109375 0.0265625 0.0140625
0 0.52890625 0.32109375 0.0265625 0.0140625
0 0.27890625 0.33046875 0.0265625 0.0234375
0 0.30859375 0.33046875 0.0265625 0.0140625
0 0.1203125 0.3328125 0.0265625 0.0171875
0 0.09140625 0.3328125 0.025 0.0140625
0 0.18515625 0.33671875 0.0296875 0.0140625
0 0.62265625 0.34375 0.0265625 0.0171875
0 0.84140625 0.3453125 0.0296875 0.0234375
0 0.87265625 0.35 0.0265625 0.0171875
0 0.27890625 0.35 0.0296875 0.0140625
0 0.90390625 0.35 0.0296875 0.021875
0 0.43515625 0.35078125 0.0265625 0.0140625
0 0.74765625 0.35234375 0.028125 0.021875
0 0.93515625 0.35234375 0.03125 0.0234375
0 0.77890625 0.3546875 0.0265625 0.0171875
0 0.65390625 0.35546875 0.028125 0.025
0 0.80859375 0.35546875 0.0265625 0.0171875
0 0.1859375 0.35703125 0.0296875 0.0140625
0 0.71640625 0.3578125 0.03125 0.0234375
0 0.59140625 0.3609375 0.0265625 0.0140625
0 0.6859375 0.36171875 0.0265625 0.0140625
0 0.56015625 0.36328125 0.0265625 0.0171875
0 0.5296875 0.36328125 0.0265625 0.0171875
0 0.4671875 0.36328125 0.0296875 0.025
0 0.62265625 0.3640625 0.0265625 0.0203125
0 0.27890625 0.365625 0.0265625 0.0203125
0 0.1859375 0.37890625 0.0296875 0.0140625
0 0.1234375 0.37890625 0.0296875 0.0140625
0 0.40390625 0.3796875 0.0265625 0.0171875
0 0.3109375 0.38125 0.0265625 0.0171875
0 0.9359375 0.3859375 0.03125 0.021875
0 0.09140625 0.3921875 0.03125 0.0203125
0 0.8421875 0.39453125 0.0265625 0.0171875
0 0.6234375 0.39453125 0.028125 0.0265625
0 0.8734375 0.39453125 0.0296875 0.021875
0 0.77890625 0.39765625 0.03125 0.021875
0 0.7484375 0.39765625 0.028125 0.0171875
0 0.6546875 0.4015625 0.0265625 0.0171875
0 0.9359375 0.40390625 0.0296875 0.0140625
0 0.4984375 0.4046875 0.028125 0.021875
0 0.71640625 0.4046875 0.028125 0.03125
0 0.3734375 0.4078125 0.0265625 0.0203125
0 0.4671875 0.40859375 0.0265625 0.0171875
0 0.3421875 0.41015625 0.0265625 0.0203125
0 0.8109375 0.415625 0.0296875 0.0171875
0 0.6859375 0.415625 0.0265625 0.025
0 0.77890625 0.421875 0.0265625 0.0171875
0 0.9359375 0.428125 0.0296875 0.0203125
0 0.5 0.4328125 0.0296875 0.0203125
0 0.4359375 0.4359375 0.0296875 0.025
0 0.12265625 0.4390625 0.0296875 0.0140625
0 0.4671875 0.43984375 0.0265625 0.0203125
0 0.8109375 0.44375 0.0296875 0.0171875
0 0.375 0.44453125 0.0265625 0.0171875
0 0.34375 0.44453125 0.0296875 0.0203125
0 0.25 0.4484375 0.0265625 0.0140625
0 0.21875 0.45078125 0.0296875 0.0203125
1 0.49296875 0.0453125 0.9234375 0.0578125
0 0.9375 0.46015625 0.0296875 0.0203125
0 0.65625 0.46015625 0.0265625 0.0203125
0 0.6875 0.4625 0.0296875 0.0171875
0 0.71875 0.4625 0.0265625 0.0140625
0 0.75 0.4625 0.03125 0.0171875
0 0.46875 0.47109375 0.03125 0.021875
0 0.3734375 0.475 0.0296875 0.021875
0 0.34375 0.475 0.0296875 0.021875
0 0.3140625 0.47734375 0.0296875 0.021875
0 0.1875 0.4796875 0.0265625 0.0140625
0 0.71875 0.4796875 0.0296875 0.0171875
0 0.25 0.4796875 0.0296875 0.0171875
0 0.21875 0.48203125 0.0296875 0.0203125
2 0.0609375 0.48046875 0.0625 0.8125
0 0.2828125 0.484375 0.0265625 0.0203125
0 0.84375 0.48671875 0.0296875 0.03125
0 0.4078125 0.48671875 0.0296875 0.021875
0 0.9375 0.48828125 0.03125 0.034375
0 0.90625 0.49140625 0.03125 0.03125
0 0.7484375 0.49296875 0.028125 0.034375
0 0.65625 0.4953125 0.034375 0.0359375
0 0.3125 0.4953125 0.0265625 0.0125
0 0.875 0.5 0.034375 0.0265625
0 0.375 0.5015625 0.0296875 0.0203125
0 0.2828125 0.5015625 0.0296875 0.0125
0 0.46875 0.5015625 0.034375 0.034375
0 0.8125 0.5015625 0.03125 0.025
0 0.34375 0.5015625 0.0296875 0.025
0 0.7796875 0.50390625 0.028125 0.0265625
0 0.2515625 0.5046875 0.0296875 0.021875
0 0.21875 0.50625 0.03125 0.025
0 0.5 0.5109375 0.03125 0.0265625
0 0.4375 0.51328125 0.0296875 0.0203125
0 0.8125 0.521875 0.0296875 0.0140625
0 0.875 0.52265625 0.034375 0.0203125
0 0.59375 0.52421875 0.0296875 0.0203125
0 0.7796875 0.525 0.028125 0.0140625
0 0.5625 0.5265625 0.03125 0.0203125
0 0.5328125 0.5265625 0.028125 0.0171875
0 0.3125 0.52734375 0.0296875 0.0125
0 0.5015625 0.53359375 0.03125 0.0171875
0 0.6875 0.53359375 0.034375 0.03125
0 0.84609375 0.5359375 0.034375 0.028125
0 0.75 0.5375 0.03125 0.034375
0 0.8125 0.53828125 0.03125 0.0203125
0 0.9078125 0.53984375 0.03125 0.028125
0 0.125 0.5421875 0.03125 0.0171875
0 0.6546875 0.5421875 0.034375 0.03125
0 0.0921875 0.54296875 0.03125 0.0203125
0 0.7203125 0.54453125 0.03125 0.0359375
0 0.59375 0.546875 0.0296875 0.025
0 0.5328125 0.5484375 0.028125 0.025
0 0.5625 0.5484375 0.03125 0.025
0 0.3765625 0.553125 0.03125 0.025
0 0.5015625 0.55390625 0.0296875 0.0171875
0 0.3453125 0.55390625 0.0296875 0.0265625
0 0.2515625 0.55625 0.03125 0.025
0 0.2203125 0.55859375 0.03125 0.025
0 0.125 0.56015625 0.034375 0.0203125
0 0.4078125 0.56640625 0.0296875 0.0203125
0 0.3140625 0.5671875 0.0359375 0.0265625
0 0.375 0.57578125 0.03125 0.0203125
0 0.3453125 0.5765625 0.0296875 0.0203125
0 0.28125 0.578125 0.0265625 0.0171875
0 0.2515625 0.58046875 0.0296875 0.021875
0 0.0921875 0.58046875 0.03125 0.0203125
0 0.21875 0.5828125 0.03125 0.021875
0 0.43984375 0.5828125 0.0296875 0.0203125
0 0.87734375 0.59375 0.0296875 0.025
0 0.7828125 0.59375 0.034375 0.025
0 0.6875 0.609375 0.03125 0.0265625
0 0.7203125 0.6140625 0.028125 0.0265625
0 0.9390625 0.62109375 0.0265625 0.0203125
0 0.40859375 0.634375 0.03125 0.0265625
0 0.31484375 0.6390625 0.03125 0.028125
0 0.56484375 0.64453125 0.03125 0.03125
0 0.53359375 0.64453125 0.03125 0.034375
0 0.59765625 0.6453125 0.03125 0.03125
0 0.43984375 0.64765625 0.03125 0.021875
0 0.0953125 0.64921875 0.0296875 0.0203125
0 0.50234375 0.6609375 0.03125 0.0234375
0 0.125 0.66328125 0.034375 0.028125
0 0.28515625 0.6828125 0.0359375 0.0234375
0 0.93984375 0.68359375 0.0296875 0.025
0 0.8171875 0.6859375 0.03125 0.0265625
0 0.50390625 0.696875 0.034375 0.034375
0 0.47265625 0.6984375 0.0296875 0.028125
0 0.8171875 0.709375 0.03125 0.0171875
0 0.93984375 0.71171875 0.0296875 0.0265625
0 0.75390625 0.7171875 0.0296875 0.0265625
0 0.66015625 0.71875 0.0296875 0.03125
0 0.6296875 0.7203125 0.034375 0.03125
0 0.44140625 0.7234375 0.0359375 0.040625
0 0.38125 0.72734375 0.03125 0.03125
0 0.34765625 0.72734375 0.034375 0.03125
0 0.475 0.728125 0.0265625 0.03125
0 0.25390625 0.73203125 0.0296875 0.025
0 0.22109375 0.7328125 0.03125 0.028125
0 0.5984375 0.7359375 0.034375 0.034375
0 0.5671875 0.7359375 0.03125 0.028125
0 0.53359375 0.7359375 0.03125 0.028125
0 0.1875 0.73671875 0.034375 0.028125
0 0.09375 0.74296875 0.034375 0.028125
0 0.12734375 0.7546875 0.03125 0.034375
0 0.28828125 0.803125 0.0296875 0.0296875
0 0.69609375 0.8640625 0.03125 0.0265625
3 0.05546875 0.21171875 0.0359375 0.0296875
3 0.05625 0.2453125 0.040625 0.0296875
3 0.05546875 0.290625 0.0390625 0.0234375
3 0.0578125 0.36171875 0.0390625 0.0265625
3 0.05859375 0.47109375 0.04375 0.034375
3 0.06015625 0.55625 0.0390625 0.025
3 0.0609375 0.67578125 0.0390625 0.0265625
3 0.06640625 0.859375 0.040625 0.0359375
3 0.05546875 0.17578125 0.0390625 0.0265625
3 0.05546875 0.125 0.040625 0.0296875
3 0.05546875 0.15390625 0.040625 0.0203125
0 0.625 0.51171875 0.0296875 0.034375
0 0.59375 0.4203125 0.03125 0.025
0 0.75234375 0.6859375 0.03125 0.034375
0 0.85 0.68359375 0.03125 0.03125
0 0.85078125 0.7140625 0.03125 0.0265625
0 0.41328125 0.87109375 0.04375 0.040625
0 0.41484375 0.91328125 0.04375 0.04375
4 0.05078125 0.0578125 0.0296875 0.028125
4 0.08203125 0.05859375 0.0265625 0.0265625
4 0.11328125 0.05859375 0.0296875 0.0296875
4 0.146875 0.05859375 0.0265625 0.0265625
4 0.1765625 0.05859375 0.0296875 0.0265625
4 0.209375 0.0578125 0.0296875 0.028125
4 0.2390625 0.0578125 0.0296875 0.028125
4 0.2703125 0.0578125 0.0296875 0.028125
4 0.30390625 0.0578125 0.0296875 0.03125
4 0.33515625 0.05625 0.0265625 0.03125
4 0.365625 0.05625 0.0296875 0.0328125
4 0.39921875 0.05546875 0.0296875 0.034375
4 0.43046875 0.05546875 0.0296875 0.034375
4 0.46015625 0.0515625 0.0296875 0.03125
4 0.49296875 0.0515625 0.0296875 0.034375
4 0.52421875 0.053125 0.028125 0.0359375
4 0.55546875 0.05078125 0.028125 0.034375
4 0.93515625 0.0421875 0.034375 0.0390625
4 0.90234375 0.040625 0.03125 0.0390625
4 0.87109375 0.0421875 0.03125 0.0359375
4 0.84140625 0.03984375 0.0296875 0.034375
4 0.80859375 0.04296875 0.03125 0.0359375
4 0.7765625 0.04296875 0.034375 0.034375
4 0.7453125 0.0453125 0.03125 0.034375
4 0.7140625 0.046875 0.03125 0.03125
4 0.68125 0.0484375 0.03125 0.0328125
4 0.6515625 0.04921875 0.028125 0.034375
4 0.61796875 0.04921875 0.028125 0.03125
4 0.5875 0.05078125 0.028125 0.03125
0 0.1875 0.5296875 0.03125 0.034375
0 0.8734375 0.415625 0.0296875 0.0203125
0 0.5890625 0.2203125 0.028125 0.0203125
0 0.5875 0.1828125 0.034375 0.0203125
0 0.34609375 0.6984375 0.03125 0.0265625
0 0.37734375 0.69375 0.03125 0.034375
0 0.27890625 0.38203125 0.0296875 0.0203125
0 0.5578125 0.18515625 0.028125 0.0203125
0 0.7140625 0.21875 0.03125 0.0203125
0 0.58984375 0.2765625 0.0296875 0.0203125
0 0.56015625 0.27734375 0.028125 0.021875
0 0.90625 0.46015625 0.03125 0.0265625
0 0.84375 0.45546875 0.034375 0.0296875
0 0.27890625 0.4125 0.0265625 0.021875
0 0.9390625 0.75390625 0.034375 0.0296875
0 0.90859375 0.71640625 0.0296875 0.021875
0 0.5953125 0.578125 0.03125 0.021875
0 0.21640625 0.3234375 0.025 0.021875
0 0.2453125 0.3265625 0.0296875 0.021875
0 0.4984375 0.36171875 0.03125 0.0234375