0 0.6609375 0.19140625 0.0265625 0.0171875
0 0.2953125 0.19375 0.0265625 0.0171875
0 0.7515625 0.19453125 0.0265625 0.0203125
0 0.78125 0.19609375 0.0296875 0.021875
0 0.3859375 0.196875 0.0265625 0.0140625
0 0.4171875 0.196875 0.0265625 0.0171875
0 0.7203125 0.21171875 0.0265625 0.021875
0 0.35546875 0.2140625 0.0296875 0.0171875
0 0.6609375 0.22265625 0.0265625 0.0140625
0 0.2953125 0.22578125 0.0265625 0.0140625
0 0.7515625 0.2328125 0.028125 0.0171875
0 0.78125 0.234375 0.0265625 0.0171875
0 0.4171875 0.2359375 0.0265625 0.0171875
0 0.56953125 0.24765625 0.028125 0.021875
0 0.6 0.2484375 0.0265625 0.021875
0 0.2359375 0.2515625 0.0265625 0.0171875
0 0.2046875 0.25234375 0.0265625 0.0140625
0 0.63125 0.25625 0.028125 0.0171875
0 0.66015625 0.25703125 0.0265625 0.0171875
0 0.7515625 0.2640625 0.025 0.0140625
0 0.2640625 0.2640625 0.0234375 0.0140625
0 0.7796875 0.26796875 0.0265625 0.0171875
0 0.53984375 0.27265625 0.0265625 0.0140625
0 0.50859375 0.27421875 0.0265625 0.0140625
0 0.1453125 0.2796875 0.0265625 0.0171875
0 0.17578125 0.2796875 0.0296875 0.0171875
0 0.115625 0.30546875 0.03125 0.0234375
0 0.60078125 0.30859375 0.0234375 0.0203125
0 0.56953125 0.31015625 0.0265625 0.0203125
0 0.23671875 0.3140625 0.0265625 0.0140625
0 0.53984375 0.3140625 0.028125 0.0203125
0 0.20703125 0.31484375 0.0265625 0.0171875
0 0.35703125 0.31484375 0.0265625 0.0140625
0 0.509375 0.31484375 0.0296875 0.0171875
0 0.63203125 0.32109375 0.028125 0.0203125
0 0.1453125 0.321875 0.0296875 0.0171875
1 0.50859375 0.03359375 0.909375 0.05625
0 0.63125 0.34375 0.028125 0.0171875
0 0.2671875 0.35 0.0234375 0.0140625
0 0.7515625 0.36640625 0.0265625 0.0140625
0 0.60078125 0.3890625 0.0234375 0.0171875
0 0.571875 0.390625 0.028125 0.0140625
0 0.7203125 0.39453125 0.028125 0.0171875
0 0.3578125 0.396875 0.0265625 0.0140625
0 0.20703125 0.39765625 0.0296875 0.0171875
0 0.23671875 0.39765625 0.0265625 0.0171875
0 0.69140625 0.4046875 0.0265625 0.0140625
0 0.3296875 0.4078125 0.0296875 0.0203125
0 0.6609375 0.4234375 0.0265625 0.0140625
0 0.72109375 0.42421875 0.028125 0.0203125
0 0.75234375 0.42578125 0.0265625 0.0171875
0 0.7796875 0.42578125 0.0265625 0.0140625
0 0.359375 0.4265625 0.0265625 0.0140625
0 0.4171875 0.428125 0.025 0.0140625
0 0.38828125 0.428125 0.0296875 0.0140625
0 0.6625 0.44453125 0.0265625 0.0171875
0 0.72109375 0.4484375 0.028125 0.0140625
0 0.60078125 0.453125 0.0234375 0.0125
0 0.571875 0.4546875 0.0265625 0.0140625
2 0.45078125 0.4578125 0.0515625 0.790625
2 0.084375 0.4625 0.0625 0.8015625
0 0.60078125 0.46640625 0.0234375 0.0140625
0 0.63125 0.47109375 0.0265625 0.0140625
0 0.571875 0.47734375 0.025 0.0125
0 0.26953125 0.478125 0.0296875 0.0171875
0 0.60078125 0.478125 0.021875 0.0125
0 0.23828125 0.484375 0.0265625 0.0203125
0 0.390625 0.4859375 0.0265625 0.0140625
0 0.72265625 0.4859375 0.0265625 0.0171875
0 0.41796875 0.4859375 0.0265625 0.0140625
0 0.209375 0.48671875 0.0296875 0.0171875
0 0.3578125 0.48671875 0.0296875 0.0171875
0 0.78125 0.48828125 0.0296875 0.0171875
0 0.7515625 0.48828125 0.025 0.0171875
0 0.63203125 0.4890625 0.028125 0.0171875
0 0.26953125 0.49375 0.0296875 0.0171875
0 0.63203125 0.61171875 0.03125 0.025
0 0.2703125 0.61796875 0.0265625 0.0234375
0 0.484375 0.6890625 0.03125 0.0265625
0 0.515625 0.6890625 0.0296875 0.0265625
0 0.7921875 0.78125 0.03125 0.025
0 0.75859375 0.7828125 0.034375 0.021875
3 0.08515625 0.83671875 0.0453125 0.0296875
3 0.08515625 0.646875 0.040625 0.025
3 0.084375 0.4484375 0.0375 0.025
3 0.084375 0.53125 0.034375 0.0265625
3 0.08203125 0.3375 0.034375 0.021875
3 0.08203125 0.265625 0.034375 0.021875
3 0.08203125 0.2234375 0.0359375 0.025
3 0.08046875 0.1890625 0.0390625 0.0296875
3 0.08046875 0.15390625 0.03125 0.0171875
3 0.08046875 0.134375 0.03125 0.0140625
3 0.0796875 0.10703125 0.034375 0.025
3 0.08046875 0.12265625 0.03125 0.009375
3 0.45078125 0.821875 0.040625 0.034375
3 0.44921875 0.6359375 0.0359375 0.0234375
3 0.44921875 0.51953125 0.0359375 0.025
3 0.44921875 0.4390625 0.0359375 0.0296875
3 0.4484375 0.3296875 0.03125 0.0203125
3 0.446875 0.2609375 0.0296875 0.0171875
3 0.446875 0.2171875 0.025 0.021875
3 0.446875 0.1859375 0.0265625 0.0265625
3 0.446875 0.14921875 0.025 0.0171875
3 0.44609375 0.13125 0.025 0.0140625
3 0.44609375 0.11875 0.025 0.009375
3 0.44609375 0.09765625 0.0265625 0.0359375
4 0.0765625 0.03984375 0.028125 0.025
4 0.1078125 0.0375 0.0265625 0.0265625
4 0.13671875 0.03828125 0.0265625 0.0265625
4 0.1671875 0.040625 0.0265625 0.0265625
4 0.20078125 0.03828125 0.0265625 0.0234375
4 0.2296875 0.0375 0.0265625 0.0265625
4 0.26171875 0.0359375 0.03125 0.0296875
4 0.2921875 0.0375 0.0234375 0.0296875
4 0.3234375 0.0375 0.0234375 0.025
4 0.353125 0.0375 0.0234375 0.025
4 0.384375 0.0359375 0.0296875 0.0234375
4 0.415625 0.0359375 0.0296875 0.0234375
4 0.44609375 0.03515625 0.0265625 0.025
4 0.475 0.0328125 0.025 0.0234375
4 0.50703125 0.03515625 0.0296875 0.025
4 0.53828125 0.03515625 0.0234375 0.025
4 0.56953125 0.03359375 0.028125 0.025
4 0.5984375 0.0359375 0.0234375 0.0234375
4 0.6296875 0.0328125 0.0265625 0.0234375
4 0.6625 0.03125 0.0265625 0.021875
4 0.9375 0.0296875 0.034375 0.025
4 0.9078125 0.0296875 0.0296875 0.025
4 0.8765625 0.0328125 0.034375 0.0265625
4 0.84375 0.03125 0.03125 0.0265625
4 0.81484375 0.0328125 0.0296875 0.0234375
4 0.78515625 0.03125 0.03125 0.021875
4 0.75390625 0.0328125 0.03125 0.0234375
4 0.72265625 0.0328125 0.03125 0.0234375
4 0.69140625 0.03125 0.034375 0.025