0 0.6546875 0.18984375 0.0265625 0.0171875
0 0.71484375 0.19375 0.0265625 0.0125
0 0.28984375 0.19453125 0.0234375 0.0125
0 0.74609375 0.19609375 0.0265625 0.0171875
0 0.38203125 0.19609375 0.0265625 0.0140625
0 0.4109375 0.196875 0.0234375 0.0203125
0 0.775 0.196875 0.028125 0.0203125
0 0.71484375 0.21171875 0.0265625 0.025
0 0.35078125 0.2125 0.0234375 0.0171875
0 0.65390625 0.22109375 0.0265625 0.0125
0 0.290625 0.22578125 0.0234375 0.0140625
0 0.35234375 0.2328125 0.021875 0.009375
0 0.74609375 0.2328125 0.025 0.0140625
0 0.4109375 0.234375 0.0234375 0.0203125
0 0.7765625 0.2359375 0.0265625 0.0171875
0 0.5953125 0.24765625 0.025 0.021875
0 0.56484375 0.2484375 0.0265625 0.025
0 0.2296875 0.2484375 0.025 0.0140625
0 0.20078125 0.2515625 0.0265625 0.0171875
0 0.6265625 0.25625 0.025 0.0140625
0 0.65625 0.25625 0.0265625 0.0140625
0 0.5046875 0.259375 0.0234375 0.0125
0 0.290625 0.26171875 0.0234375 0.0125
0 0.2609375 0.26171875 0.0234375 0.0125
0 0.74609375 0.2640625 0.025 0.0125
0 0.38203125 0.265625 0.0265625 0.0125
0 0.4125 0.265625 0.025 0.0140625
0 0.7765625 0.2671875 0.0265625 0.0140625
0 0.53515625 0.271875 0.025 0.0125
0 0.50390625 0.27265625 0.025 0.0125
0 0.13828125 0.2796875 0.0265625 0.0125
0 0.16953125 0.28125 0.0265625 0.0125
0 0.109375 0.30390625 0.0265625 0.021875
0 0.5640625 0.3078125 0.025 0.0171875
0 0.5953125 0.30859375 0.025 0.0171875
0 0.23046875 0.3140625 0.0265625 0.0140625
0 0.53515625 0.31484375 0.0265625 0.0125
0 0.20078125 0.31484375 0.025 0.0140625
0 0.35234375 0.31484375 0.0234375 0.009375
0 0.5046875 0.31484375 0.0265625 0.0140625
0 0.6265625 0.31953125 0.025 0.0125
0 0.140625 0.321875 0.021875 0.0140625
1 0.5015625 0.0328125 0.90625 0.065625
0 0.2609375 0.3265625 0.0265625 0.0125
0 0.625 0.3421875 0.0265625 0.0203125
0 0.26171875 0.3484375 0.0265625 0.0140625
0 0.74609375 0.36328125 0.0265625 0.0140625
0 0.53515625 0.3703125 0.0296875 0.0125
0 0.59609375 0.3890625 0.025 0.0140625
0 0.56484375 0.3890625 0.025 0.0125
0 0.71484375 0.3953125 0.025 0.0171875
0 0.35234375 0.396875 0.0234375 0.0125
0 0.19921875 0.39765625 0.021875 0.0140625
0 0.23203125 0.39765625 0.0265625 0.0140625
0 0.6859375 0.40625 0.028125 0.0140625
0 0.321875 0.40859375 0.0234375 0.0140625
0 0.6546875 0.42421875 0.0265625 0.0140625
0 0.71484375 0.42421875 0.0265625 0.0203125
0 0.7453125 0.42578125 0.0265625 0.0171875
0 0.41328125 0.4265625 0.021875 0.009375
0 0.35234375 0.4265625 0.0234375 0.0125
0 0.7765625 0.428125 0.0265625 0.0140625
0 0.38359375 0.428125 0.0234375 0.0125
0 0.2921875 0.42890625 0.021875 0.0125
0 0.6546875 0.44375 0.0265625 0.0140625
0 0.71484375 0.446875 0.025 0.0140625
0 0.59609375 0.453125 0.025 0.0140625
0 0.56484375 0.4546875 0.025 0.0171875
0 0.23046875 0.46171875 0.0265625 0.0140625
0 0.19921875 0.4625 0.0296875 0.0140625
2 0.4484375 0.4640625 0.0515625 0.790625
0 0.59765625 0.46640625 0.025 0.0140625
2 0.078125 0.4640625 0.05625 0.80625
0 0.6265625 0.47109375 0.0265625 0.0171875
0 0.56640625 0.478125 0.025 0.0171875
0 0.26171875 0.478125 0.0265625 0.0140625
0 0.59609375 0.478125 0.0265625 0.0125
0 0.4125 0.484375 0.025 0.0171875
0 0.71640625 0.484375 0.028125 0.0140625
0 0.38359375 0.4859375 0.0296875 0.0171875
0 0.23203125 0.4859375 0.0296875 0.0140625
0 0.2015625 0.48671875 0.0265625 0.0140625
0 0.74609375 0.48671875 0.0265625 0.025
0 0.7765625 0.48671875 0.0265625 0.0203125
0 0.3546875 0.48671875 0.021875 0.009375
0 0.6265625 0.48828125 0.0265625 0.0140625
0 0.26171875 0.49375 0.0265625 0.0140625
0 0.6296875 0.61171875 0.034375 0.021875
0 0.26328125 0.61640625 0.0296875 0.021875
0 0.6296875 0.66328125 0.034375 0.0171875
0 0.4796875 0.6890625 0.034375 0.028125
0 0.5109375 0.69140625 0.0265625 0.021875
0 0.7859375 0.78125 0.03125 0.0265625
0 0.75234375 0.78125 0.03125 0.0265625
3 0.07578125 0.18984375 0.034375 0.0296875
3 0.0765625 0.2234375 0.0359375 0.021875
3 0.07578125 0.265625 0.034375 0.025
3 0.078125 0.3375 0.0359375 0.021875
3 0.078125 0.446875 0.0359375 0.0265625
3 0.078125 0.5296875 0.0359375 0.021875
3 0.0796875 0.64765625 0.0390625 0.03125
3 0.08046875 0.83671875 0.040625 0.0390625
3 0.07578125 0.15234375 0.034375 0.021875
3 0.07578125 0.13359375 0.03125 0.0171875
3 0.07578125 0.0984375 0.0359375 0.0515625
3 0.44140625 0.0984375 0.0265625 0.034375
3 0.44140625 0.1203125 0.0296875 0.0125
3 0.44140625 0.13125 0.0265625 0.0140625
3 0.4421875 0.14765625 0.0265625 0.0203125
3 0.4421875 0.18515625 0.0296875 0.0296875
3 0.4421875 0.2171875 0.0265625 0.0203125
3 0.4421875 0.259375 0.0265625 0.0203125
3 0.4421875 0.328125 0.0265625 0.0203125
3 0.44375 0.4375 0.034375 0.0265625
3 0.44453125 0.51953125 0.03125 0.025
3 0.44609375 0.6359375 0.034375 0.028125
3 0.4484375 0.821875 0.040625 0.034375
4 0.07109375 0.040625 0.0296875 0.0359375
4 0.10078125 0.03984375 0.0296875 0.034375
4 0.13359375 0.03984375 0.03125 0.034375
4 0.16484375 0.03984375 0.0296875 0.034375
4 0.19453125 0.03984375 0.03125 0.03125
4 0.22578125 0.03828125 0.0296875 0.0359375
4 0.25703125 0.03828125 0.03125 0.0390625
4 0.2875 0.03828125 0.0265625 0.0359375
4 0.31875 0.0359375 0.0296875 0.0359375
4 0.3484375 0.03515625 0.0296875 0.0359375
4 0.3796875 0.0375 0.0296875 0.03125
4 0.41015625 0.0359375 0.0296875 0.03125
4 0.43984375 0.0328125 0.0265625 0.03125
4 0.47109375 0.0359375 0.03125 0.0359375
4 0.50234375 0.0359375 0.028125 0.03125
4 0.53359375 0.0375 0.028125 0.034375
4 0.5640625 0.0359375 0.028125 0.03125
4 0.5953125 0.03515625 0.028125 0.0359375
4 0.625 0.0359375 0.0265625 0.03125
4 0.65390625 0.03359375 0.028125 0.034375
4 0.68515625 0.03359375 0.028125 0.034375
4 0.71484375 0.0328125 0.03125 0.034375
4 0.74765625 0.03515625 0.03125 0.034375
4 0.77890625 0.0328125 0.028125 0.03125
4 0.8078125 0.0328125 0.0265625 0.034375
4 0.8390625 0.0328125 0.0296875 0.034375
4 0.86875 0.0328125 0.0296875 0.03125
4 0.9 0.0328125 0.0296875 0.03125
4 0.9328125 0.0328125 0.03125 0.034375