0 0.6609375 0.19140625 0.0265625 0.0171875
0 0.2953125 0.19375 0.0265625 0.0171875
0 0.7515625 0.19453125 0.0265625 0.0203125
0 0.78125 0.19609375 0.0296875 0.021875
0 0.3859375 0.196875 0.0265625 0.0140625
0 0.4171875 0.196875 0.0265625 0.0171875
0 0.7203125 0.21171875 0.0265625 0.021875
0 0.35546875 0.2140625 0.0296875 0.0171875
0 0.6609375 0.22265625 0.0265625 0.0140625
0 0.2953125 0.22578125 0.0265625 0.0171875
0 0.7515625 0.234375 0.028125 0.0171875
0 0.78125 0.234375 0.0265625 0.0171875
0 0.4171875 0.2359375 0.0265625 0.0171875
0 0.56953125 0.24765625 0.028125 0.021875
0 0.6 0.2484375 0.0265625 0.021875
0 0.2359375 0.2515625 0.0265625 0.0171875
0 0.20546875 0.25234375 0.0265625 0.0140625
0 0.63125 0.25625 0.03125 0.0203125
0 0.66015625 0.25703125 0.0265625 0.0171875
0 0.7515625 0.2640625 0.025 0.0140625
0 0.2640625 0.2640625 0.0234375 0.0125
0 0.7796875 0.26796875 0.0265625 0.0171875
0 0.53828125 0.271875 0.0265625 0.0140625
0 0.50859375 0.27421875 0.0265625 0.0125
0 0.146875 0.2796875 0.0265625 0.0171875
0 0.17578125 0.2796875 0.0296875 0.0171875
0 0.115625 0.30546875 0.03125 0.0234375
0 0.60078125 0.30859375 0.0234375 0.0203125
0 0.56953125 0.31015625 0.0265625 0.0203125
0 0.23671875 0.3140625 0.0265625 0.0140625
0 0.53984375 0.3140625 0.028125 0.0203125
0 0.20703125 0.31484375 0.0265625 0.0171875
0 0.35703125 0.31484375 0.0296875 0.0140625
0 0.509375 0.31484375 0.0296875 0.0171875
0 0.63203125 0.321875 0.028125 0.0203125
0 0.1453125 0.321875 0.03125 0.0203125
1 0.50859375 0.03359375 0.909375 0.05625
0 0.63125 0.34375 0.028125 0.0171875
0 0.2671875 0.35 0.0234375 0.0125
0 0.7515625 0.365625 0.0265625 0.0140625
0 0.60078125 0.3890625 0.0234375 0.0171875
0 0.571875 0.390625 0.028125 0.0140625
0 0.7203125 0.39453125 0.028125 0.0171875
0 0.3578125 0.396875 0.0265625 0.0140625
0 0.20703125 0.396875 0.0296875 0.0171875
0 0.23671875 0.39765625 0.0265625 0.0171875
0 0.69140625 0.4046875 0.0265625 0.0140625
0 0.3296875 0.4078125 0.0296875 0.0203125
0 0.6609375 0.4234375 0.0265625 0.0140625
0 0.72109375 0.42421875 0.028125 0.0203125
0 0.75234375 0.42578125 0.0265625 0.0171875
0 0.7796875 0.42578125 0.0265625 0.0140625
0 0.359375 0.4265625 0.0296875 0.0140625
0 0.4171875 0.428125 0.025 0.0125
0 0.38828125 0.428125 0.0296875 0.0125
0 0.6625 0.44453125 0.0265625 0.0171875
0 0.72109375 0.4484375 0.028125 0.0140625
0 0.60078125 0.453125 0.0234375 0.0125
0 0.57109375 0.4546875 0.0265625 0.0171875
2 0.084375 0.4625 0.0625 0.8015625
0 0.60078125 0.46640625 0.0234375 0.0140625
0 0.63125 0.47109375 0.0265625 0.0140625
0 0.571875 0.478125 0.025 0.0125
0 0.26953125 0.478125 0.0296875 0.0171875
0 0.60078125 0.4796875 0.0234375 0.0125
0 0.23828125 0.484375 0.0265625 0.0203125
0 0.390625 0.4859375 0.0265625 0.0171875
0 0.72265625 0.4859375 0.0265625 0.0171875
0 0.41796875 0.4859375 0.0265625 0.0171875
0 0.209375 0.4859375 0.0296875 0.0171875
0 0.3578125 0.48671875 0.0296875 0.0203125
0 0.78125 0.48828125 0.0296875 0.0171875
0 0.7515625 0.48828125 0.025 0.0171875
0 0.63203125 0.4890625 0.028125 0.0203125
0 0.26953125 0.49375 0.0296875 0.0171875
0 0.63203125 0.61171875 0.03125 0.025
0 0.2703125 0.61796875 0.0265625 0.0234375
0 0.4828125 0.6890625 0.03125 0.0265625
0 0.515625 0.6890625 0.0296875 0.0265625
0 0.7921875 0.7796875 0.03125 0.0265625
0 0.75859375 0.7828125 0.034375 0.021875
3 0.0890625 0.83671875 0.0359375 0.0359375
3 0.08671875 0.64921875 0.034375 0.0265625
3 0.08515625 0.5328125 0.03125 0.025
3 0.084375 0.4484375 0.03125 0.0265625
3 0.0828125 0.3390625 0.03125 0.0203125
3 0.08203125 0.26953125 0.03125 0.025
3 0.08203125 0.22734375 0.034375 0.0203125
3 0.08046875 0.19140625 0.03125 0.0265625
3 0.08203125 0.1546875 0.0296875 0.0203125
3 0.08203125 0.13125 0.034375 0.021875
3 0.08203125 0.10703125 0.034375 0.0265625
4 0.07578125 0.0359375 0.0265625 0.0234375
4 0.1078125 0.0375 0.028125 0.0265625
4 0.13671875 0.03984375 0.0265625 0.025
4 0.1671875 0.03828125 0.0265625 0.0234375
4 0.19921875 0.0375 0.025 0.021875
4 0.23046875 0.0375 0.0265625 0.025
4 0.26171875 0.03828125 0.0296875 0.0265625
4 0.2921875 0.0359375 0.021875 0.021875
4 0.32109375 0.0359375 0.0265625 0.0234375
4 0.35234375 0.0359375 0.0265625 0.0234375
4 0.384375 0.03515625 0.0265625 0.025
4 0.415625 0.0359375 0.0265625 0.0234375
4 0.44609375 0.0359375 0.0265625 0.021875
4 0.47578125 0.0359375 0.025 0.0296875
4 0.50859375 0.03359375 0.0296875 0.0265625
4 0.5375 0.03359375 0.025 0.0265625
4 0.57109375 0.03359375 0.028125 0.0296875
4 0.6 0.03359375 0.025 0.0265625
4 0.9421875 0.02890625 0.021875 0.0265625
4 0.63125 0.0328125 0.0265625 0.0265625
4 0.6609375 0.03125 0.0265625 0.021875
4 0.69140625 0.0328125 0.0265625 0.0234375
4 0.72265625 0.03515625 0.0265625 0.0265625
4 0.7515625 0.0328125 0.0265625 0.0265625
4 0.7828125 0.03125 0.025 0.0296875
4 0.8125 0.0296875 0.0265625 0.0265625
4 0.84140625 0.0296875 0.0296875 0.0296875
4 0.875 0.0296875 0.0296875 0.03125
4 0.90625 0.02734375 0.03125 0.0296875
3 0.4515625 0.82109375 0.040625 0.0390625
3 0.44921875 0.634375 0.0359375 0.028125
3 0.44921875 0.51953125 0.03125 0.025
3 0.44921875 0.4375 0.03125 0.03125
3 0.446875 0.328125 0.0296875 0.0203125
3 0.446875 0.259375 0.0265625 0.025
3 0.446875 0.21875 0.0296875 0.0203125
3 0.446875 0.18515625 0.025 0.025
3 0.446875 0.14921875 0.025 0.0171875
3 0.446875 0.10234375 0.0265625 0.021875
3 0.44609375 0.13125 0.025 0.0125
3 0.4484375 0.1203125 0.0265625 0.009375
2 0.4515625 0.45703125 0.053125 0.7796875