4 0.259375 0.03359375 0.0203125 0.0140625
4 0.30546875 0.0359375 0.021875 0.0171875
4 0.28125 0.03515625 0.021875 0.0171875
3 0.25625 0.3453125 0.021875 0.0140625
3 0.25859375 0.26953125 0.021875 0.009375
3 0.25703125 0.21875 0.0203125 0.0078125
3 0.25703125 0.19921875 0.0203125 0.009375
3 0.25703125 0.19375 0.0203125 0.0078125
3 0.25703125 0.1859375 0.021875 0.0078125
3 0.25703125 0.16484375 0.0203125 0.009375
4 0.334375 0.0375 0.0234375 0.0140625
4 0.40859375 0.03515625 0.021875 0.0140625
4 0.3578125 0.0328125 0.0203125 0.0140625
4 0.38359375 0.0328125 0.0203125 0.0140625
4 0.4828125 0.0328125 0.021875 0.0140625
4 0.4578125 0.0328125 0.021875 0.0140625
4 0.43125 0.03359375 0.021875 0.0125
4 0.53359375 0.03125 0.0203125 0.0171875
4 0.509375 0.03125 0.0203125 0.0140625
4 0.56015625 0.03125 0.0203125 0.0140625
4 0.58515625 0.0296875 0.0203125 0.0140625
4 0.6109375 0.0328125 0.0203125 0.0140625
4 0.63671875 0.0328125 0.0203125 0.0140625
4 0.6625 0.03359375 0.021875 0.0171875
4 0.6859375 0.0359375 0.021875 0.0140625
4 0.709375 0.03359375 0.0203125 0.0140625
4 0.7859375 0.03515625 0.021875 0.0171875
4 0.76171875 0.03359375 0.0171875 0.0125
4 0.73671875 0.03359375 0.0203125 0.0125
0 0.66015625 0.4015625 0.025 0.0171875
0 0.63359375 0.4 0.021875 0.0140625
0 0.63359375 0.35546875 0.021875 0.009375
0 0.63359375 0.34375 0.021875 0.0125
0 0.65859375 0.35703125 0.021875 0.009375
0 0.65859375 0.3453125 0.021875 0.0125
0 0.65859375 0.30625 0.021875 0.0140625
0 0.65859375 0.31875 0.021875 0.009375
0 0.63359375 0.30546875 0.0234375 0.0125
0 0.63359375 0.28984375 0.021875 0.0125
0 0.66015625 0.29296875 0.021875 0.009375
0 0.65859375 0.2828125 0.025 0.0125
0 0.65859375 0.234375 0.021875 0.009375
0 0.63359375 0.228125 0.021875 0.009375
0 0.63359375 0.1984375 0.0203125 0.0078125
0 0.65859375 0.1875 0.0203125 0.009375
0 0.65859375 0.1609375 0.0203125 0.0046875
0 0.6828125 0.34765625 0.021875 0.0125
0 0.75859375 0.29921875 0.021875 0.009375
0 0.75859375 0.290625 0.0234375 0.0078125
0 0.75859375 0.2703125 0.021875 0.0078125
0 0.75859375 0.25234375 0.021875 0.0125
0 0.759375 0.21640625 0.0203125 0.009375
0 0.75859375 0.33203125 0.021875 0.0125
0 0.75859375 0.34609375 0.021875 0.0140625
0 0.7328125 0.34609375 0.025 0.0125
0 0.7328125 0.29921875 0.025 0.009375
0 0.7328125 0.28984375 0.025 0.009375
0 0.7328125 0.33203125 0.025 0.009375
0 0.68515625 0.42890625 0.025 0.0203125
0 0.584375 0.296875 0.0203125 0.009375
0 0.584375 0.28828125 0.0203125 0.0078125
0 0.4078125 0.18515625 0.021875 0.009375
0 0.4328125 0.18515625 0.021875 0.0140625
0 0.2828125 0.34375 0.0203125 0.009375
0 0.2828125 0.24140625 0.021875 0.0078125
0 0.28359375 0.234375 0.021875 0.0078125
0 0.28359375 0.15859375 0.021875 0.0046875
0 0.40625 0.23671875 0.0203125 0.0125
0 0.55859375 0.2984375 0.0203125 0.0125
0 0.55859375 0.28828125 0.021875 0.009375
0 0.7078125 0.34375 0.021875 0.0140625
0 0.709375 0.33203125 0.021875 0.0125
0 0.709375 0.321875 0.025 0.0078125
0 0.7078125 0.29921875 0.0234375 0.009375
0 0.7078125 0.28984375 0.0234375 0.009375
0 0.734375 0.36796875 0.025 0.0125
0 0.55625 0.45703125 0.028125 0.0265625
0 0.5828125 0.459375 0.0234375 0.0265625
0 0.609375 0.46015625 0.0265625 0.0265625
0 0.38125 0.4515625 0.0265625 0.0296875
0 0.2828125 0.19921875 0.021875 0.0046875
0 0.2828125 0.19375 0.021875 0.0078125
0 0.2828125 0.1875 0.021875 0.0078125
1 0.521875 0.03359375 0.5625 0.03125
2 0.25625 0.2515625 0.0296875 0.2125