4 0.7875 0.03515625 0.0203125 0.0140625
4 0.7609375 0.0359375 0.021875 0.0140625
4 0.73671875 0.0359375 0.021875 0.0140625
4 0.71171875 0.0359375 0.021875 0.0125
0 0.65859375 0.2359375 0.0203125 0.0125
0 0.634375 0.2296875 0.0203125 0.009375
0 0.634375 0.19921875 0.0203125 0.0078125
0 0.66015625 0.40234375 0.025 0.0140625
0 0.63359375 0.4015625 0.021875 0.0140625
0 0.63359375 0.3078125 0.0234375 0.0140625
0 0.68515625 0.35 0.025 0.0125
0 0.4078125 0.1859375 0.0203125 0.009375
0 0.4328125 0.1859375 0.021875 0.0125
0 0.759375 0.34609375 0.021875 0.0125
0 0.75859375 0.384375 0.021875 0.0125
0 0.75859375 0.33203125 0.021875 0.0125
0 0.65859375 0.30859375 0.021875 0.0125
0 0.66015625 0.31953125 0.025 0.0078125
0 0.63359375 0.35703125 0.0234375 0.009375
0 0.25703125 0.34609375 0.0203125 0.0125
0 0.2828125 0.23828125 0.0234375 0.0140625
0 0.25859375 0.2015625 0.021875 0.0078125
0 0.25703125 0.22109375 0.0203125 0.0046875
0 0.25703125 0.1671875 0.0203125 0.00625
0 0.25859375 0.1890625 0.0203125 0.0078125
0 0.25859375 0.19453125 0.021875 0.00625
0 0.75859375 0.29921875 0.021875 0.0078125
0 0.759375 0.290625 0.0203125 0.009375
4 0.40859375 0.03515625 0.021875 0.0171875
4 0.4828125 0.0328125 0.021875 0.0140625
4 0.4578125 0.0328125 0.021875 0.0140625
4 0.4328125 0.0328125 0.025 0.0140625
4 0.53359375 0.03125 0.021875 0.0171875
4 0.5578125 0.03125 0.0234375 0.021875
4 0.68515625 0.0359375 0.025 0.0171875
4 0.66015625 0.03515625 0.025 0.0203125
4 0.6359375 0.03359375 0.021875 0.0203125
4 0.6109375 0.0328125 0.021875 0.0171875
4 0.58515625 0.03125 0.0234375 0.0203125
4 0.509375 0.0296875 0.021875 0.0203125
4 0.209375 0.0359375 0.021875 0.0203125
4 0.38203125 0.0328125 0.021875 0.0203125
4 0.35703125 0.03359375 0.021875 0.0203125
4 0.33203125 0.03515625 0.025 0.0203125
4 0.3078125 0.0359375 0.021875 0.0171875
4 0.2828125 0.0359375 0.0234375 0.0203125
4 0.25703125 0.03515625 0.0203125 0.0203125
4 0.2328125 0.03515625 0.021875 0.0203125
1 0.49765625 0.03359375 0.6140625 0.0453125
0 0.734375 0.34609375 0.021875 0.0171875
0 0.734375 0.36640625 0.021875 0.0140625
0 0.734375 0.38203125 0.021875 0.0140625
0 0.38203125 0.45546875 0.0265625 0.0265625
0 0.553125 0.45703125 0.028125 0.0296875
0 0.6109375 0.459375 0.028125 0.0296875
0 0.58203125 0.4578125 0.025 0.0296875