0 0.56015625 0.33671875 0.025 0.0125
0 0.5328125 0.3375 0.021875 0.0140625
0 0.58671875 0.3390625 0.0234375 0.0140625
0 0.6140625 0.3546875 0.0234375 0.0140625
0 0.66796875 0.3546875 0.025 0.0140625
0 0.6390625 0.3546875 0.025 0.0125
0 0.61328125 0.37890625 0.025 0.0140625
0 0.640625 0.3796875 0.0265625 0.0171875
0 0.66796875 0.3796875 0.025 0.0140625
0 0.396875 0.44921875 0.0265625 0.0171875
0 0.42578125 0.45078125 0.0265625 0.0171875
0 0.3703125 0.45078125 0.0234375 0.0171875
0 0.3703125 0.521875 0.0265625 0.0203125
0 0.39765625 0.52421875 0.025 0.0203125
0 0.42578125 0.52421875 0.025 0.0203125
0 0.26171875 0.525 0.025 0.0203125
0 0.2359375 0.525 0.0265625 0.0140625
0 0.2078125 0.5265625 0.0265625 0.0171875
0 0.803125 0.52890625 0.025 0.0171875
0 0.8265625 0.5296875 0.025 0.0171875
0 0.775 0.5296875 0.028125 0.0171875
0 0.66796875 0.5296875 0.0296875 0.0203125
0 0.615625 0.53125 0.0265625 0.021875
0 0.6421875 0.53125 0.0265625 0.0203125
0 0.42421875 0.571875 0.0203125 0.0171875
0 0.37109375 0.5734375 0.025 0.0203125
0 0.39765625 0.57578125 0.025 0.0203125
2 0.1 0.5765625 0.0609375 0.8171875
0 0.37265625 0.6140625 0.0234375 0.0171875
0 0.4265625 0.6140625 0.0265625 0.0171875
0 0.39921875 0.615625 0.0265625 0.0203125
0 0.428125 0.6609375 0.0265625 0.0234375
0 0.39921875 0.6609375 0.0234375 0.0203125
0 0.37109375 0.6625 0.0265625 0.0203125
3 0.09765625 0.21171875 0.0390625 0.0265625
3 0.09609375 0.35546875 0.0375 0.0296875
3 0.09765625 0.46484375 0.0359375 0.025
3 0.09765625 0.49140625 0.0359375 0.025
3 0.1 0.521875 0.0375 0.03125
3 0.09765625 0.55859375 0.034375 0.0265625
3 0.09765625 0.59140625 0.034375 0.0265625
3 0.0984375 0.65 0.0390625 0.028125
3 0.0984375 0.70078125 0.0390625 0.0265625
3 0.09765625 0.76171875 0.0453125 0.0296875
3 0.0984375 0.85234375 0.040625 0.0265625
3 0.10234375 0.9484375 0.04375 0.0359375