0 0.3734375 0.33984375 0.0234375 0.0171875
0 0.3484375 0.33984375 0.0234375 0.0140625
0 0.321875 0.34140625 0.0234375 0.0140625
0 0.375 0.36171875 0.025 0.0203125
0 0.3484375 0.36328125 0.0265625 0.0171875
0 0.32109375 0.36328125 0.0234375 0.0171875
0 0.5375 0.41953125 0.025 0.0140625
2 0.29296875 0.4625 0.0390625 0.7453125
0 0.56484375 0.4671875 0.025 0.0171875
0 0.58984375 0.4671875 0.025 0.0171875
0 0.61796875 0.46875 0.0234375 0.0203125
0 0.375 0.46875 0.0265625 0.025
0 0.34765625 0.4703125 0.0265625 0.0203125
0 0.3234375 0.47109375 0.021875 0.0171875
0 0.5375 0.5046875 0.028125 0.0390625
0 0.5109375 0.50625 0.0265625 0.028125
0 0.48203125 0.50703125 0.0296875 0.0234375
0 0.3765625 0.5109375 0.0296875 0.0390625
0 0.58984375 0.51171875 0.021875 0.0140625
0 0.3234375 0.51171875 0.0265625 0.025
0 0.35 0.51328125 0.0234375 0.0296875
0 0.615625 0.51328125 0.025 0.0203125
0 0.3765625 0.56015625 0.0234375 0.025
0 0.3234375 0.5609375 0.021875 0.021875
0 0.3484375 0.5609375 0.0265625 0.021875
0 0.615625 0.5671875 0.021875 0.0140625
0 0.61640625 0.60078125 0.0234375 0.0203125
0 0.5890625 0.60078125 0.0234375 0.0203125
0 0.5375 0.63359375 0.025 0.021875
0 0.48203125 0.63359375 0.0265625 0.021875
0 0.5109375 0.63359375 0.0265625 0.0234375
0 0.3765625 0.69921875 0.0265625 0.0265625
0 0.3484375 0.7015625 0.0234375 0.025
0 0.3734375 0.80078125 0.0265625 0.0296875
3 0.29296875 0.1296875 0.021875 0.009375
3 0.29296875 0.140625 0.021875 0.0125
3 0.29296875 0.1609375 0.021875 0.0140625
3 0.29296875 0.19921875 0.025 0.021875
3 0.29296875 0.23046875 0.021875 0.0203125
3 0.29453125 0.27265625 0.0234375 0.0171875
3 0.29296875 0.3390625 0.025 0.0171875
3 0.29453125 0.44609375 0.0265625 0.021875
3 0.2953125 0.63828125 0.0265625 0.0203125
3 0.2953125 0.525 0.0265625 0.0171875
3 0.2953125 0.8125 0.03125 0.0265625
3 0.29296875 0.1109375 0.025 0.0265625
2 0.10234375 0.5765625 0.0578125 0.825
3 0.1 0.19921875 0.0453125 0.03125
3 0.10078125 0.33671875 0.0359375 0.0296875
3 0.10078125 0.44609375 0.0359375 0.0265625
3 0.10078125 0.47265625 0.0359375 0.025
3 0.10078125 0.5046875 0.0359375 0.0296875
3 0.1 0.5421875 0.0359375 0.028125
3 0.10078125 0.58203125 0.034375 0.021875
3 0.10234375 0.6390625 0.0390625 0.03125
3 0.10078125 0.6921875 0.0390625 0.028125
3 0.10234375 0.8609375 0.0453125 0.0390625
3 0.1 0.76171875 0.040625 0.034375
3 0.1046875 0.9546875 0.0484375 0.0515625
0 0.375 0.39765625 0.025 0.0171875
0 0.375 0.4203125 0.025 0.0203125