0 0.3734375 0.33984375 0.0234375 0.0171875
0 0.3484375 0.33984375 0.0234375 0.0125
0 0.321875 0.34140625 0.0234375 0.0140625
0 0.375 0.36171875 0.025 0.0203125
0 0.3484375 0.36328125 0.0265625 0.0171875
0 0.32109375 0.36328125 0.0234375 0.0171875
0 0.53828125 0.4203125 0.0234375 0.0140625
2 0.29296875 0.4625 0.0390625 0.7453125
0 0.56484375 0.4671875 0.025 0.0171875
0 0.58984375 0.4671875 0.025 0.0171875
0 0.61796875 0.4671875 0.0234375 0.0203125
0 0.375 0.46875 0.0265625 0.025
0 0.3484375 0.4703125 0.0265625 0.0203125
0 0.321875 0.47109375 0.021875 0.0171875
0 0.5375 0.50390625 0.028125 0.0390625
0 0.5109375 0.50625 0.0265625 0.028125
0 0.48203125 0.50703125 0.0296875 0.0234375
0 0.37734375 0.5109375 0.03125 0.0390625
0 0.58984375 0.51171875 0.021875 0.0171875
0 0.3234375 0.51171875 0.0265625 0.025
0 0.35 0.51171875 0.0234375 0.0296875
0 0.61640625 0.51328125 0.0265625 0.0203125
0 0.3765625 0.56015625 0.0234375 0.0265625
0 0.3234375 0.5609375 0.021875 0.021875
0 0.3484375 0.5609375 0.0265625 0.021875
0 0.615625 0.56640625 0.021875 0.0171875
0 0.61640625 0.60078125 0.0234375 0.0203125
0 0.5890625 0.60078125 0.0265625 0.0203125
0 0.5375 0.63359375 0.025 0.021875
0 0.48203125 0.63359375 0.0265625 0.021875
0 0.5109375 0.634375 0.0265625 0.025
0 0.3765625 0.69921875 0.0265625 0.0265625
0 0.3484375 0.7015625 0.0234375 0.021875
0 0.3734375 0.80078125 0.0265625 0.0296875
3 0.2921875 0.8125 0.034375 0.0296875
3 0.29296875 0.6359375 0.0296875 0.021875
3 0.29453125 0.52421875 0.0234375 0.021875
3 0.29296875 0.44453125 0.0296875 0.0265625
3 0.29296875 0.33984375 0.0265625 0.0171875
3 0.29296875 0.27265625 0.025 0.0140625
3 0.29296875 0.23046875 0.025 0.0171875
3 0.29296875 0.1984375 0.025 0.021875
3 0.29296875 0.16015625 0.021875 0.0171875
3 0.29296875 0.140625 0.021875 0.0140625
3 0.29296875 0.12890625 0.025 0.0125
3 0.29296875 0.11640625 0.025 0.0125
3 0.29296875 0.1046875 0.025 0.0140625
2 0.1078125 0.578125 0.05625 0.8015625
3 0.10234375 0.859375 0.03125 0.034375
3 0.103125 0.76328125 0.034375 0.03125
3 0.10078125 0.69453125 0.03125 0.0265625
3 0.10234375 0.640625 0.034375 0.0296875
3 0.10078125 0.50625 0.034375 0.025
3 0.10078125 0.5421875 0.034375 0.0234375
3 0.10234375 0.578125 0.0359375 0.025
3 0.10234375 0.446875 0.034375 0.021875
3 0.10234375 0.4734375 0.034375 0.0203125
3 0.10234375 0.3375 0.0359375 0.0265625
3 0.10234375 0.1984375 0.034375 0.0265625
1 0.46015625 0.04921875 0.3796875 0.075
4 0.290625 0.040625 0.0265625 0.040625
4 0.6203125 0.0421875 0.0265625 0.040625
0 0.375 0.39296875 0.025 0.0296875
0 0.375 0.421875 0.0265625 0.021875