4 0.2203125 0.0375 0.021875 0.021875
4 0.24609375 0.0359375 0.0203125 0.0171875
4 0.2703125 0.0359375 0.0203125 0.0171875
4 0.296875 0.0359375 0.021875 0.0171875
4 0.32109375 0.03828125 0.021875 0.0171875
4 0.34765625 0.0359375 0.021875 0.0171875
4 0.37109375 0.0375 0.0203125 0.0171875
4 0.3953125 0.03515625 0.021875 0.0203125
4 0.421875 0.03359375 0.021875 0.021875
4 0.446875 0.0375 0.021875 0.0203125
4 0.47265625 0.0359375 0.021875 0.0171875
4 0.49765625 0.03515625 0.025 0.0203125
4 0.52265625 0.0375 0.0203125 0.0171875
4 0.5484375 0.0359375 0.021875 0.0171875
4 0.5734375 0.0359375 0.021875 0.0171875
4 0.5984375 0.0375 0.021875 0.0203125
4 0.625 0.03828125 0.021875 0.0203125
4 0.64765625 0.03828125 0.021875 0.0171875
4 0.67421875 0.03984375 0.021875 0.0203125
4 0.70078125 0.03984375 0.025 0.0171875
4 0.79921875 0.0421875 0.021875 0.0171875
4 0.77421875 0.040625 0.021875 0.0203125
4 0.75 0.040625 0.021875 0.0203125
4 0.725 0.03984375 0.025 0.0171875
0 0.24609375 0.3890625 0.021875 0.0171875
0 0.24609375 0.24609375 0.0203125 0.009375
0 0.24609375 0.22265625 0.021875 0.009375
0 0.24765625 0.21484375 0.021875 0.0078125
0 0.24609375 0.209375 0.0203125 0.0078125
0 0.24609375 0.18359375 0.021875 0.009375
0 0.27265625 0.38828125 0.0203125 0.0140625
0 0.27265625 0.26328125 0.021875 0.009375
0 0.271875 0.27265625 0.021875 0.0125
0 0.321875 0.24609375 0.0203125 0.009375
0 0.2984375 0.26328125 0.0203125 0.0125
0 0.271875 0.2234375 0.021875 0.009375
0 0.271875 0.21484375 0.021875 0.0078125
0 0.27265625 0.18515625 0.0203125 0.0046875
0 0.321875 0.18515625 0.021875 0.0046875
0 0.3234375 0.225 0.021875 0.009375
0 0.3234375 0.21640625 0.0203125 0.009375
0 0.321875 0.21015625 0.0203125 0.0046875
0 0.3234375 0.390625 0.0234375 0.0171875
0 0.3234375 0.303125 0.021875 0.009375
0 0.3484375 0.390625 0.0234375 0.0140625
0 0.34765625 0.3015625 0.021875 0.009375
0 0.34765625 0.271875 0.0203125 0.009375
0 0.34765625 0.26328125 0.021875 0.009375
0 0.34765625 0.22578125 0.021875 0.009375
0 0.34765625 0.2171875 0.021875 0.0078125
0 0.34765625 0.21171875 0.021875 0.0078125
0 0.34765625 0.18515625 0.0203125 0.0078125
0 0.34765625 0.1765625 0.021875 0.009375
0 0.321875 0.32109375 0.021875 0.009375
0 0.39921875 0.32578125 0.021875 0.0125
0 0.39765625 0.30390625 0.021875 0.009375
0 0.39765625 0.390625 0.025 0.0140625
0 0.42578125 0.390625 0.025 0.0140625
0 0.4234375 0.30390625 0.021875 0.0078125
0 0.42421875 0.27265625 0.021875 0.009375
0 0.4234375 0.2640625 0.021875 0.009375
0 0.39765625 0.225 0.021875 0.009375
0 0.396875 0.21171875 0.021875 0.009375
0 0.4234375 0.21015625 0.021875 0.0078125
0 0.4234375 0.225 0.021875 0.009375
0 0.4234375 0.2171875 0.021875 0.0078125
0 0.4734375 0.225 0.0203125 0.009375
0 0.4734375 0.21640625 0.0203125 0.0078125
0 0.4734375 0.21015625 0.0203125 0.0078125
0 0.4734375 0.24609375 0.0203125 0.009375
0 0.475 0.38828125 0.0203125 0.0140625
0 0.44921875 0.390625 0.021875 0.0140625
0 0.4734375 0.18515625 0.0203125 0.009375
0 0.4234375 0.1859375 0.0203125 0.009375
0 0.5484375 0.1859375 0.0203125 0.0078125
0 0.5484375 0.21015625 0.0203125 0.009375
0 0.5484375 0.2171875 0.0203125 0.0078125
0 0.5484375 0.225 0.0203125 0.009375
0 0.5484375 0.24609375 0.0203125 0.0078125
0 0.5 0.265625 0.021875 0.0078125
0 0.5 0.21640625 0.0203125 0.009375
0 0.5 0.22578125 0.021875 0.0078125
0 0.4984375 0.19140625 0.0203125 0.0046875
0 0.4984375 0.275 0.025 0.009375
0 0.5484375 0.3890625 0.025 0.0171875
0 0.5734375 0.2640625 0.021875 0.009375
0 0.39921875 0.3578125 0.021875 0.009375
1 0.50859375 0.0375 0.615625 0.0390625
0 0.62109375 0.3078125 0.021875 0.009375
0 0.62109375 0.228125 0.021875 0.009375
0 0.62265625 0.2125 0.021875 0.0078125
0 0.62109375 0.3921875 0.021875 0.0140625
0 0.571875 0.1859375 0.0203125 0.009375
0 0.571875 0.178125 0.021875 0.0078125
0 0.64765625 0.18125 0.021875 0.0078125
0 0.64765625 0.18984375 0.021875 0.0078125
0 0.646875 0.3078125 0.021875 0.009375
0 0.646875 0.2765625 0.021875 0.009375
0 0.646875 0.26796875 0.021875 0.0078125
0 0.64765625 0.23046875 0.021875 0.0078125
0 0.64765625 0.2234375 0.0203125 0.0046875
0 0.64765625 0.21640625 0.021875 0.0078125
0 0.5734375 0.27421875 0.021875 0.0078125
0 0.321875 0.36875 0.021875 0.0125
0 0.2984375 0.36875 0.0234375 0.0125
0 0.571875 0.22578125 0.0203125 0.0078125
0 0.571875 0.21875 0.0203125 0.0078125
0 0.571875 0.2140625 0.0203125 0.0046875
0 0.39765625 0.23671875 0.021875 0.0046875
0 0.4984375 0.18515625 0.0203125 0.0046875
0 0.54921875 0.303125 0.0203125 0.0125