4 0.4984375 0.24765625 0.0265625 0.021875
4 0.52421875 0.24609375 0.0234375 0.0203125
4 0.5484375 0.24609375 0.025 0.0203125
4 0.57421875 0.24609375 0.025 0.0203125
4 0.6 0.24765625 0.025 0.0171875
4 0.625 0.2484375 0.025 0.0203125
4 0.85 0.24765625 0.021875 0.0171875
4 0.82421875 0.2484375 0.021875 0.0203125
4 0.7984375 0.25 0.025 0.0203125
4 0.77421875 0.2515625 0.021875 0.0203125
4 0.7484375 0.2515625 0.025 0.0203125
4 0.7234375 0.25 0.0265625 0.0203125
4 0.69921875 0.2484375 0.021875 0.0203125
4 0.67578125 0.24765625 0.025 0.0203125
4 0.6515625 0.2484375 0.0265625 0.021875
4 0.47109375 0.2484375 0.025 0.0203125
4 0.446875 0.2484375 0.025 0.021875
4 0.421875 0.2484375 0.025 0.0203125
4 0.39765625 0.2484375 0.025 0.021875
4 0.37109375 0.2484375 0.0265625 0.021875
4 0.34609375 0.25 0.0234375 0.025
4 0.32109375 0.25 0.0265625 0.021875
4 0.2953125 0.25 0.0234375 0.021875
4 0.26953125 0.2484375 0.0296875 0.025
1 0.55625 0.24765625 0.615625 0.04375
2 0.49765625 0.43515625 0.0296875 0.4
3 0.49765625 0.4984375 0.025 0.0140625
3 0.49765625 0.4265625 0.025 0.0125
3 0.49765625 0.37890625 0.025 0.0125
3 0.49765625 0.35546875 0.025 0.0125
3 0.4984375 0.32578125 0.025 0.009375
3 0.49765625 0.3078125 0.021875 0.009375
3 0.49765625 0.29921875 0.025 0.0078125
3 0.49765625 0.525 0.025 0.0125
3 0.49765625 0.5375 0.025 0.0125
3 0.4984375 0.55078125 0.025 0.0125
3 0.49765625 0.57578125 0.025 0.025
3 0.49765625 0.6046875 0.025 0.0234375
0 0.52421875 0.5359375 0.0234375 0.0125
0 0.52421875 0.36171875 0.021875 0.009375
0 0.52421875 0.43359375 0.0234375 0.009375
0 0.52421875 0.4421875 0.021875 0.009375
0 0.52265625 0.3953125 0.0234375 0.0078125
0 0.52421875 0.3703125 0.021875 0.0078125
0 0.7484375 0.44140625 0.025 0.009375
0 0.7484375 0.446875 0.021875 0.0046875
0 0.77265625 0.4421875 0.021875 0.0078125
0 0.77265625 0.44921875 0.021875 0.0078125
0 0.796875 0.4421875 0.021875 0.009375
0 0.7984375 0.45078125 0.025 0.009375
0 0.525 0.4671875 0.025 0.009375
0 0.52421875 0.4828125 0.0234375 0.0078125
0 0.60078125 0.4671875 0.021875 0.009375
0 0.57421875 0.46640625 0.025 0.0125
0 0.54921875 0.46640625 0.021875 0.009375
0 0.6984375 0.43984375 0.0203125 0.0078125
0 0.6984375 0.44609375 0.021875 0.0078125
0 0.6984375 0.47265625 0.0203125 0.0078125
0 0.69921875 0.48828125 0.021875 0.0078125
0 0.67578125 0.4375 0.025 0.0078125
0 0.67578125 0.44453125 0.025 0.0078125
0 0.67421875 0.4703125 0.025 0.009375
0 0.67578125 0.48671875 0.025 0.009375
0 0.54921875 0.5375 0.025 0.0125
0 0.5484375 0.48203125 0.021875 0.0125
0 0.65 0.43359375 0.025 0.009375
0 0.64921875 0.44375 0.0234375 0.0078125
0 0.64921875 0.46875 0.0234375 0.0125
0 0.64921875 0.484375 0.0265625 0.009375
0 0.796875 0.41015625 0.025 0.009375
0 0.796875 0.4015625 0.0265625 0.0078125
0 0.796875 0.37734375 0.025 0.009375
0 0.796875 0.36875 0.0265625 0.0078125
0 0.771875 0.36796875 0.021875 0.0078125
0 0.771875 0.3765625 0.021875 0.009375
0 0.771875 0.41015625 0.025 0.0078125
0 0.771875 0.40390625 0.025 0.0046875
0 0.771875 0.39921875 0.025 0.0078125
0 0.7484375 0.39765625 0.025 0.0078125
0 0.7484375 0.40390625 0.021875 0.0046875
0 0.7484375 0.40859375 0.025 0.0078125
0 0.74765625 0.3765625 0.021875 0.0078125
0 0.74765625 0.36875 0.025 0.0078125
0 0.54921875 0.4015625 0.025 0.0078125
0 0.54921875 0.3890625 0.025 0.0078125
0 0.54921875 0.3953125 0.025 0.0046875
0 0.67421875 0.3734375 0.025 0.0078125
0 0.67421875 0.36640625 0.025 0.0078125
0 0.6984375 0.375 0.0203125 0.0078125
0 0.6984375 0.36875 0.021875 0.0078125
0 0.69921875 0.4078125 0.021875 0.0078125
0 0.67578125 0.4046875 0.021875 0.0078125
0 0.65 0.40390625 0.021875 0.0078125
0 0.65 0.3921875 0.021875 0.009375
0 0.65 0.39765625 0.021875 0.0046875
0 0.75 0.54921875 0.025 0.0125
0 0.70078125 0.54453125 0.021875 0.0125
0 0.65 0.540625 0.021875 0.0125
0 0.67578125 0.54453125 0.0265625 0.0171875
0 0.69921875 0.4015625 0.021875 0.0078125
0 0.54921875 0.44140625 0.025 0.0078125
0 0.54921875 0.43359375 0.025 0.009375
0 0.60078125 0.484375 0.0234375 0.009375
0 0.57421875 0.4828125 0.025 0.009375
0 0.6 0.4421875 0.025 0.0078125
0 0.6 0.4359375 0.025 0.0078125
0 0.57421875 0.44140625 0.025 0.009375
0 0.57421875 0.43359375 0.025 0.009375
0 0.60078125 0.40234375 0.0234375 0.0078125
0 0.54921875 0.36328125 0.021875 0.0046875
0 0.54921875 0.36875 0.021875 0.0078125
0 0.54921875 0.375 0.025 0.009375
0 0.7484375 0.4546875 0.025 0.009375
0 0.60078125 0.540625 0.0234375 0.0125
0 0.57421875 0.53984375 0.025 0.0125
0 0.796875 0.54921875 0.025 0.0125
0 0.7484375 0.47265625 0.021875 0.0125
0 0.7484375 0.490625 0.025 0.0125