4 0.17421875 0.15859375 0.0359375 0.0296875
4 0.2125 0.16015625 0.0359375 0.0296875
4 0.24765625 0.1609375 0.03125 0.0296875
4 0.27890625 0.1625 0.0296875 0.0265625
4 0.3109375 0.1609375 0.0296875 0.025
4 0.34609375 0.15859375 0.0328125 0.025
4 0.384375 0.1578125 0.0359375 0.025
4 0.45546875 0.1546875 0.03125 0.021875
4 0.41953125 0.15625 0.034375 0.025
4 0.4890625 0.15625 0.034375 0.0265625
2 0.490625 0.42890625 0.0359375 0.5125
4 0.52265625 0.15625 0.03125 0.021875
4 0.55859375 0.1546875 0.0296875 0.025
4 0.5953125 0.1546875 0.034375 0.021875
4 0.63125 0.1546875 0.03125 0.0265625
4 0.66484375 0.1546875 0.03125 0.0265625
4 0.69921875 0.15625 0.034375 0.0296875
4 0.73671875 0.1578125 0.03125 0.0296875
4 0.76953125 0.15859375 0.0296875 0.025
4 0.80390625 0.15859375 0.034375 0.021875
4 0.83984375 0.16015625 0.03125 0.0265625
4 0.875 0.16015625 0.03125 0.0265625
4 0.90859375 0.15859375 0.03125 0.0265625
4 0.94375 0.1578125 0.034375 0.025
4 0.9796875 0.1546875 0.03125 0.0296875
3 0.4890625 0.50625 0.03125 0.0203125
3 0.48828125 0.40625 0.03125 0.0171875
3 0.48828125 0.33984375 0.03125 0.0140625
3 0.4890625 0.56015625 0.0296875 0.0203125
3 0.4890625 0.54296875 0.0296875 0.0171875
3 0.48828125 0.6140625 0.03125 0.0265625
3 0.48828125 0.5828125 0.03125 0.028125
3 0.4890625 0.6546875 0.0296875 0.0390625
3 0.48828125 0.31015625 0.0296875 0.0171875
3 0.4890625 0.2640625 0.0296875 0.0171875
3 0.4890625 0.24296875 0.0296875 0.0140625
3 0.4890625 0.2296875 0.0296875 0.0125
0 0.9046875 0.428125 0.0296875 0.0125
0 0.9046875 0.4375 0.0296875 0.009375
0 0.8703125 0.428125 0.03125 0.0125
0 0.8703125 0.4375 0.03125 0.009375
0 0.83671875 0.428125 0.03125 0.0125
0 0.83671875 0.4359375 0.0296875 0.009375
0 0.69921875 0.46484375 0.03125 0.0140625
0 0.7671875 0.4703125 0.0265625 0.0125
0 0.6296875 0.46484375 0.03125 0.0140625
0 0.59375 0.4625 0.03125 0.0140625
0 0.5578125 0.4625 0.034375 0.0125
0 0.7671875 0.42421875 0.0265625 0.009375
0 0.7671875 0.43359375 0.028125 0.009375
0 0.7328125 0.46875 0.028125 0.0125
0 0.7328125 0.43046875 0.03125 0.009375
0 0.7328125 0.421875 0.03125 0.009375
0 0.90390625 0.38125 0.03125 0.009375
0 0.90390625 0.37265625 0.0296875 0.009375
0 0.8703125 0.37265625 0.03125 0.0125
0 0.86875 0.38359375 0.03125 0.009375
0 0.83671875 0.37265625 0.03125 0.009375
0 0.83671875 0.38125 0.03125 0.009375
0 0.83671875 0.3640625 0.03125 0.009375
0 0.52421875 0.5609375 0.028125 0.0171875
0 0.55859375 0.5625 0.0296875 0.0171875
0 0.6984375 0.56640625 0.034375 0.0171875
0 0.7328125 0.5671875 0.028125 0.0171875
0 0.83671875 0.57421875 0.03125 0.0171875
0 0.7671875 0.56953125 0.0265625 0.0171875
0 0.59375 0.5609375 0.03125 0.0171875
0 0.6296875 0.56484375 0.03125 0.0171875
0 0.55859375 0.42421875 0.0296875 0.009375
0 0.55859375 0.415625 0.0296875 0.0125
0 0.83515625 0.33515625 0.0296875 0.009375
0 0.83515625 0.32578125 0.0296875 0.009375
0 0.69921875 0.41796875 0.03125 0.009375
0 0.6984375 0.428125 0.028125 0.009375
0 0.7328125 0.3765625 0.028125 0.009375
0 0.7328125 0.3328125 0.028125 0.0125
0 0.73203125 0.321875 0.03125 0.009375
0 0.6984375 0.35703125 0.028125 0.0125
0 0.6984375 0.375 0.028125 0.009375
0 0.6984375 0.36640625 0.028125 0.009375
0 0.7671875 0.37890625 0.028125 0.009375
0 0.55859375 0.35546875 0.0296875 0.009375
0 0.5578125 0.37109375 0.028125 0.009375
0 0.52265625 0.36171875 0.034375 0.0125
0 0.7328125 0.36328125 0.028125 0.0140625
0 0.9046875 0.32421875 0.0296875 0.0125
0 0.90390625 0.33515625 0.03125 0.009375
0 0.8703125 0.33515625 0.03125 0.009375
0 0.8703125 0.32578125 0.03125 0.009375
0 0.59375 0.415625 0.03125 0.0125
0 0.59375 0.4265625 0.03125 0.009375
0 0.62890625 0.3734375 0.03125 0.0125
0 0.62890625 0.36171875 0.03125 0.0125
0 0.52421875 0.415625 0.034375 0.0140625
0 0.52421875 0.428125 0.03125 0.0125
0 0.6296875 0.4265625 0.034375 0.009375
0 0.62890625 0.415625 0.034375 0.0125
0 0.5578125 0.48203125 0.03125 0.0125
0 0.6296875 0.4859375 0.028125 0.0125
0 0.6984375 0.4859375 0.03125 0.0125
0 0.7671875 0.490625 0.028125 0.0140625
0 0.90390625 0.57421875 0.034375 0.021875
0 0.83515625 0.47109375 0.03125 0.0140625
0 0.6984375 0.3171875 0.03125 0.0140625
0 0.6984375 0.33046875 0.03125 0.0125