4 0.4953125 0.24609375 0.025 0.0203125
4 0.521875 0.2453125 0.025 0.0203125
2 0.49609375 0.44375 0.03125 0.3578125
4 0.546875 0.2453125 0.025 0.0203125
4 0.571875 0.2453125 0.025 0.0203125
4 0.62265625 0.24609375 0.025 0.0171875
4 0.59765625 0.2453125 0.025 0.021875
4 0.64765625 0.2453125 0.0234375 0.0203125
4 0.67421875 0.2453125 0.025 0.021875
4 0.6984375 0.24765625 0.021875 0.021875
4 0.8484375 0.24609375 0.025 0.0203125
4 0.8234375 0.24609375 0.025 0.0171875
4 0.7984375 0.24609375 0.0265625 0.0203125
4 0.72265625 0.24765625 0.0265625 0.0171875
4 0.7484375 0.2484375 0.025 0.0203125
4 0.77421875 0.24765625 0.021875 0.0171875
4 0.26953125 0.25 0.025 0.0203125
4 0.3453125 0.2484375 0.021875 0.0140625
4 0.31875 0.2484375 0.021875 0.0171875
4 0.29453125 0.24765625 0.021875 0.0140625
4 0.4703125 0.24375 0.021875 0.0125
4 0.44453125 0.24609375 0.021875 0.0171875
4 0.41953125 0.24609375 0.021875 0.0140625
4 0.39453125 0.24609375 0.025 0.0171875
4 0.36875 0.24765625 0.0234375 0.0171875
1 0.55859375 0.24765625 0.61875 0.0359375
3 0.49609375 0.3234375 0.021875 0.0125
3 0.49609375 0.35546875 0.021875 0.0125
3 0.49609375 0.37734375 0.025 0.0125
3 0.49609375 0.4265625 0.025 0.009375
3 0.49609375 0.5 0.025 0.0125
3 0.49765625 0.5375 0.025 0.009375
3 0.49609375 0.52421875 0.025 0.0125
3 0.49609375 0.55078125 0.025 0.009375
3 0.49609375 0.3078125 0.021875 0.009375
3 0.49765625 0.57578125 0.025 0.021875
3 0.49765625 0.6046875 0.025 0.0265625
0 0.74609375 0.375 0.021875 0.0078125
0 0.74609375 0.36640625 0.025 0.009375
0 0.59765625 0.46640625 0.025 0.0078125
0 0.64765625 0.46640625 0.021875 0.009375
0 0.546875 0.46484375 0.025 0.0078125
0 0.5984375 0.4421875 0.0234375 0.0078125
0 0.5984375 0.43359375 0.0234375 0.009375
0 0.64765625 0.4421875 0.021875 0.0078125
0 0.64765625 0.43515625 0.0234375 0.0078125
0 0.671875 0.46875 0.021875 0.009375
0 0.6984375 0.4703125 0.021875 0.009375
0 0.6734375 0.44375 0.021875 0.0078125
0 0.6734375 0.4359375 0.021875 0.0078125
0 0.5484375 0.43984375 0.021875 0.0078125
0 0.546875 0.4328125 0.025 0.0078125
0 0.64765625 0.484375 0.021875 0.009375
0 0.74609375 0.4390625 0.021875 0.009375
0 0.74609375 0.44609375 0.021875 0.0078125
0 0.79453125 0.43984375 0.021875 0.0078125
0 0.7953125 0.446875 0.021875 0.0078125
0 0.7703125 0.44140625 0.021875 0.0078125
0 0.696875 0.4375 0.021875 0.0078125
0 0.696875 0.44453125 0.021875 0.0078125
0 0.74609375 0.40859375 0.021875 0.0078125
0 0.571875 0.46640625 0.025 0.0078125
0 0.74609375 0.3953125 0.021875 0.0078125
0 0.74609375 0.4015625 0.021875 0.0046875
0 0.7953125 0.4078125 0.021875 0.0078125
0 0.7703125 0.4484375 0.021875 0.0078125
0 0.7953125 0.4 0.021875 0.0078125
0 0.7703125 0.4078125 0.021875 0.0078125
0 0.7703125 0.4015625 0.0234375 0.0078125
0 0.546875 0.3890625 0.021875 0.0078125
0 0.52265625 0.5375 0.021875 0.0078125
0 0.546875 0.53828125 0.021875 0.0078125
0 0.5734375 0.53828125 0.0234375 0.009375
0 0.5984375 0.53984375 0.0234375 0.0125
0 0.74609375 0.546875 0.021875 0.0078125
0 0.64921875 0.5421875 0.0234375 0.0125
0 0.64765625 0.40234375 0.021875 0.0078125
0 0.64765625 0.390625 0.021875 0.009375
0 0.521875 0.39453125 0.025 0.0078125
0 0.5203125 0.36171875 0.0234375 0.0078125
0 0.696875 0.54453125 0.021875 0.009375
0 0.79453125 0.546875 0.021875 0.009375
0 0.546875 0.48046875 0.021875 0.0078125
0 0.546875 0.36171875 0.025 0.0078125
0 0.696875 0.40625 0.0203125 0.0078125
0 0.671875 0.40390625 0.025 0.0078125
0 0.6734375 0.5421875 0.021875 0.0125
0 0.521875 0.43125 0.025 0.0125
0 0.521875 0.43984375 0.025 0.0078125
0 0.521875 0.4671875 0.025 0.0078125
0 0.571875 0.43515625 0.021875 0.0078125
0 0.5734375 0.44140625 0.0234375 0.0078125
0 0.79453125 0.375 0.025 0.009375
0 0.7953125 0.36796875 0.025 0.0078125
0 0.7703125 0.375 0.0234375 0.0078125
0 0.7703125 0.36796875 0.021875 0.0078125
0 0.6734375 0.37265625 0.021875 0.0078125
0 0.696875 0.48671875 0.021875 0.0125
0 0.5984375 0.4828125 0.0234375 0.0125
0 0.571875 0.4015625 0.021875 0.0078125
0 0.64765625 0.36328125 0.021875 0.009375
0 0.546875 0.4 0.021875 0.009375
0 0.74609375 0.4734375 0.025 0.009375
0 0.59765625 0.40390625 0.021875 0.0078125
0 0.521875 0.48203125 0.025 0.0078125
0 0.521875 0.40234375 0.025 0.0078125
0 0.59765625 0.3703125 0.025 0.0078125
0 0.546875 0.375 0.025 0.0078125
0 0.546875 0.36875 0.025 0.0078125
0 0.64765625 0.3703125 0.021875 0.0078125
0 0.696875 0.478125 0.0203125 0.0078125
0 0.546875 0.47265625 0.025 0.009375
0 0.521875 0.475 0.025 0.0078125