4 0.31640625 0.0578125 0.021875 0.021875
4 0.290625 0.0578125 0.021875 0.0171875
4 0.33984375 0.05625 0.021875 0.0203125
4 0.36640625 0.05546875 0.021875 0.0203125
4 0.3921875 0.053125 0.021875 0.0203125
4 0.86875 0.04921875 0.021875 0.0171875
4 0.8453125 0.0484375 0.0203125 0.0171875
4 0.81953125 0.046875 0.021875 0.0140625
4 0.51796875 0.05078125 0.021875 0.0171875
4 0.49296875 0.04921875 0.021875 0.0171875
4 0.4171875 0.053125 0.021875 0.0203125
4 0.4421875 0.053125 0.021875 0.0203125
4 0.4671875 0.05078125 0.021875 0.0171875
4 0.79453125 0.0453125 0.021875 0.0171875
4 0.7703125 0.046875 0.021875 0.0171875
4 0.74375 0.046875 0.021875 0.0171875
4 0.7203125 0.0453125 0.025 0.0171875
4 0.69453125 0.0453125 0.021875 0.0171875
4 0.66953125 0.046875 0.021875 0.0171875
4 0.64453125 0.046875 0.021875 0.0171875
4 0.54296875 0.04921875 0.0203125 0.0203125
4 0.56875 0.053125 0.021875 0.0265625
4 0.59375 0.04921875 0.021875 0.021875
4 0.61796875 0.05078125 0.021875 0.025
1 0.58203125 0.05390625 0.6140625 0.040625
2 0.31640625 0.38359375 0.0296875 0.615625
3 0.3171875 0.36875 0.021875 0.0203125
3 0.31640625 0.2875 0.021875 0.0203125
3 0.3171875 0.2484375 0.021875 0.025
3 0.31640625 0.19453125 0.021875 0.0265625
3 0.3171875 0.4953125 0.0234375 0.025
3 0.31484375 0.62265625 0.021875 0.025
3 0.31484375 0.66015625 0.0234375 0.0296875
3 0.31640625 0.5359375 0.021875 0.0171875
3 0.31640625 0.5796875 0.021875 0.0203125
3 0.31484375 0.5578125 0.0203125 0.0203125
3 0.3171875 0.165625 0.021875 0.03125
0 0.3421875 0.38203125 0.021875 0.0125
0 0.3421875 0.39296875 0.0203125 0.009375
0 0.3421875 0.30859375 0.0203125 0.0125
0 0.3421875 0.3171875 0.021875 0.0078125
0 0.34140625 0.25859375 0.0203125 0.009375
0 0.34140625 0.26953125 0.0203125 0.009375
0 0.3421875 0.4390625 0.0203125 0.009375
0 0.3921875 0.30390625 0.0203125 0.009375
0 0.39296875 0.3125 0.0203125 0.0078125
0 0.4171875 0.30390625 0.0203125 0.0078125
0 0.36640625 0.26953125 0.0203125 0.0078125
0 0.3921875 0.2671875 0.021875 0.0078125
0 0.36640625 0.30546875 0.0203125 0.0078125
0 0.36640625 0.3140625 0.0203125 0.0078125
0 0.3921875 0.37890625 0.0203125 0.009375
0 0.3921875 0.38671875 0.021875 0.009375
0 0.36796875 0.38125 0.0203125 0.009375
0 0.4171875 0.37734375 0.0203125 0.009375
0 0.4421875 0.37890625 0.021875 0.009375
0 0.4421875 0.38828125 0.0203125 0.009375
0 0.46875 0.37890625 0.0203125 0.009375
0 0.46875 0.38671875 0.0203125 0.009375
0 0.49296875 0.37734375 0.021875 0.009375
0 0.49375 0.38671875 0.021875 0.009375
0 0.44375 0.4328125 0.0203125 0.0125
0 0.49296875 0.4328125 0.0203125 0.0125
0 0.4421875 0.303125 0.0203125 0.009375
0 0.4421875 0.3125 0.021875 0.009375
0 0.4421875 0.321875 0.021875 0.009375
0 0.4671875 0.303125 0.0203125 0.0125
0 0.49375 0.303125 0.0203125 0.009375
0 0.44375 0.265625 0.0203125 0.009375
0 0.4671875 0.553125 0.021875 0.0125
0 0.4421875 0.553125 0.025 0.0171875
0 0.49296875 0.32109375 0.0203125 0.009375
0 0.49296875 0.3125 0.021875 0.009375
0 0.56875 0.26328125 0.0203125 0.009375
0 0.59375 0.26171875 0.021875 0.009375