4 0.28984375 0.05625 0.0234375 0.021875
4 0.31640625 0.0578125 0.025 0.021875
4 0.3390625 0.05546875 0.0234375 0.025
4 0.8703125 0.0484375 0.021875 0.0203125
4 0.8453125 0.0484375 0.025 0.0203125
4 0.81953125 0.046875 0.021875 0.0171875
4 0.79453125 0.046875 0.025 0.0171875
4 0.76953125 0.046875 0.025 0.0203125
4 0.74375 0.0453125 0.025 0.0171875
4 0.7203125 0.046875 0.025 0.0171875
4 0.69375 0.0453125 0.025 0.0171875
4 0.66796875 0.046875 0.021875 0.0203125
4 0.64296875 0.0484375 0.021875 0.0171875
4 0.61796875 0.0484375 0.021875 0.0203125
4 0.5921875 0.0484375 0.021875 0.0203125
4 0.5671875 0.05078125 0.0234375 0.025
4 0.540625 0.0484375 0.021875 0.021875
4 0.515625 0.04921875 0.021875 0.021875
4 0.49140625 0.0515625 0.021875 0.0203125
4 0.46484375 0.053125 0.025 0.021875
4 0.43984375 0.0515625 0.025 0.0203125
4 0.41484375 0.0515625 0.021875 0.025
4 0.390625 0.053125 0.021875 0.021875
4 0.365625 0.05546875 0.0234375 0.021875
0 0.34140625 0.38359375 0.0203125 0.0125
0 0.34140625 0.39296875 0.0203125 0.009375
0 0.365625 0.3796875 0.0203125 0.009375
0 0.3921875 0.37890625 0.0203125 0.009375
0 0.3921875 0.38828125 0.021875 0.0078125
0 0.44140625 0.37890625 0.0203125 0.009375
0 0.44140625 0.38828125 0.0203125 0.009375
0 0.4171875 0.37890625 0.021875 0.009375
0 0.4171875 0.38671875 0.0203125 0.009375
3 0.31640625 0.2484375 0.0203125 0.025
3 0.3171875 0.2875 0.021875 0.0203125
3 0.31640625 0.19453125 0.025 0.025
3 0.31640625 0.165625 0.025 0.0296875
3 0.31640625 0.1421875 0.021875 0.0171875
3 0.31484375 0.49296875 0.0234375 0.025
3 0.31640625 0.5375 0.021875 0.0203125
3 0.31640625 0.56015625 0.025 0.0171875
3 0.31484375 0.58046875 0.0234375 0.021875
3 0.31484375 0.6203125 0.021875 0.0265625
3 0.31484375 0.6609375 0.021875 0.034375
3 0.31640625 0.3703125 0.021875 0.0203125
1 0.578125 0.0515625 0.6109375 0.0359375
0 0.415625 0.30390625 0.0203125 0.009375
0 0.3921875 0.30546875 0.0203125 0.009375
0 0.36640625 0.30390625 0.021875 0.009375
0 0.34140625 0.3078125 0.0203125 0.0125
0 0.365625 0.26953125 0.0203125 0.0078125
0 0.34140625 0.4390625 0.0203125 0.009375
0 0.390625 0.4359375 0.021875 0.0140625
0 0.4421875 0.43359375 0.0203125 0.0125
0 0.4671875 0.37734375 0.021875 0.009375
0 0.4671875 0.38671875 0.021875 0.009375
0 0.390625 0.2671875 0.0203125 0.009375
0 0.44140625 0.303125 0.0203125 0.0125
0 0.5671875 0.26328125 0.0203125 0.009375
0 0.49296875 0.37890625 0.0203125 0.0125
0 0.49296875 0.38828125 0.0203125 0.0078125
0 0.46640625 0.303125 0.0203125 0.0140625
0 0.56875 0.37109375 0.0203125 0.0125
0 0.56875 0.384375 0.0203125 0.0125
0 0.3921875 0.3140625 0.021875 0.009375
0 0.51796875 0.3015625 0.0203125 0.0125
2 0.31484375 0.3859375 0.0328125 0.5984375