1 0.4734375 0.06875 0.5875 0.0359375
0 0.3734375 0.25625 0.021875 0.0125
0 0.421875 0.25625 0.0203125 0.0171875
0 0.446875 0.25625 0.021875 0.0140625
0 0.4734375 0.2546875 0.0203125 0.0125
0 0.49765625 0.2546875 0.021875 0.0140625
0 0.54921875 0.25625 0.0203125 0.0140625
0 0.5734375 0.2546875 0.021875 0.0140625
0 0.6 0.2546875 0.0203125 0.0171875
0 0.625 0.25625 0.021875 0.0140625
0 0.7234375 0.25390625 0.021875 0.0140625
0 0.6984375 0.25234375 0.021875 0.0171875
0 0.6734375 0.2546875 0.021875 0.0171875
0 0.321875 0.25625 0.0203125 0.0125
0 0.22265625 0.25625 0.0203125 0.0140625
0 0.74375 0.40390625 0.0203125 0.009375
0 0.74375 0.415625 0.0203125 0.0140625
4 0.19609375 0.06953125 0.025 0.025
4 0.22265625 0.06953125 0.025 0.021875
4 0.5984375 0.06953125 0.021875 0.0171875
4 0.7484375 0.071875 0.025 0.021875
4 0.725 0.07109375 0.025 0.021875
4 0.69921875 0.06953125 0.021875 0.0171875
4 0.67421875 0.0671875 0.025 0.025
4 0.6234375 0.07109375 0.021875 0.0203125
4 0.64921875 0.06953125 0.0234375 0.021875
4 0.24609375 0.06953125 0.021875 0.021875
4 0.271875 0.07109375 0.021875 0.021875
4 0.296875 0.07109375 0.025 0.021875
4 0.321875 0.07109375 0.0234375 0.025
4 0.49765625 0.06953125 0.0265625 0.025
4 0.52265625 0.06953125 0.0234375 0.025
4 0.5484375 0.06953125 0.021875 0.025
4 0.5734375 0.06875 0.0234375 0.021875
4 0.47265625 0.06953125 0.021875 0.021875
4 0.446875 0.06953125 0.025 0.025
4 0.421875 0.06953125 0.025 0.025
4 0.396875 0.06953125 0.021875 0.0203125
4 0.37265625 0.06953125 0.0234375 0.025
4 0.34765625 0.06875 0.025 0.021875
0 0.69453125 0.40234375 0.021875 0.0125
0 0.69609375 0.41484375 0.0203125 0.0140625
0 0.321875 0.40859375 0.0203125 0.0125
0 0.321875 0.4234375 0.021875 0.0140625
0 0.37109375 0.41015625 0.021875 0.0125
0 0.37265625 0.421875 0.021875 0.0125
0 0.446875 0.4234375 0.0203125 0.0140625
0 0.446875 0.40859375 0.021875 0.0140625
0 0.546875 0.40625 0.021875 0.0171875
0 0.5484375 0.4203125 0.0203125 0.0140625
0 0.59609375 0.4171875 0.021875 0.0140625
0 0.59609375 0.40234375 0.021875 0.0140625
0 0.62109375 0.40234375 0.021875 0.0140625
0 0.62109375 0.4171875 0.021875 0.0140625
0 0.49765625 0.4078125 0.0203125 0.0125
0 0.47265625 0.41953125 0.0203125 0.0125
0 0.4984375 0.4203125 0.021875 0.0140625
0 0.4203125 0.40859375 0.021875 0.0140625
0 0.4203125 0.421875 0.021875 0.0140625
0 0.72109375 0.41484375 0.0203125 0.0125
0 0.72109375 0.40234375 0.021875 0.0140625
0 0.671875 0.40234375 0.021875 0.0125
0 0.6734375 0.415625 0.021875 0.0125
0 0.7203125 0.4890625 0.021875 0.0125
0 0.62265625 0.490625 0.021875 0.0140625
0 0.27421875 0.49375 0.0171875 0.0140625
0 0.24765625 0.4953125 0.021875 0.0171875
0 0.37109375 0.49375 0.021875 0.0140625
0 0.396875 0.49375 0.021875 0.0140625
0 0.27265625 0.25859375 0.0203125 0.0125
0 0.54921875 0.271875 0.0203125 0.009375
0 0.5734375 0.271875 0.0203125 0.009375
0 0.5984375 0.27265625 0.0203125 0.009375
0 0.72265625 0.2703125 0.021875 0.0125
0 0.696875 0.2703125 0.021875 0.009375
0 0.4234375 0.27265625 0.0203125 0.009375
0 0.4484375 0.271875 0.021875 0.0125
0 0.74375 0.56484375 0.025 0.021875
0 0.7203125 0.56484375 0.0203125 0.021875
0 0.69609375 0.56640625 0.021875 0.0203125
0 0.6703125 0.5640625 0.021875 0.021875
0 0.646875 0.56484375 0.0203125 0.0203125
0 0.62265625 0.56484375 0.021875 0.0203125
0 0.59765625 0.56640625 0.0203125 0.0203125
0 0.571875 0.56484375 0.021875 0.0171875
0 0.546875 0.56484375 0.0203125 0.0203125
0 0.521875 0.56484375 0.0203125 0.0203125
0 0.49609375 0.56484375 0.021875 0.0171875
0 0.47109375 0.56640625 0.0203125 0.0171875
0 0.446875 0.5640625 0.021875 0.021875
0 0.421875 0.56484375 0.0203125 0.0203125
0 0.396875 0.5640625 0.0203125 0.021875
0 0.37109375 0.5640625 0.025 0.021875
0 0.34765625 0.56640625 0.025 0.025
0 0.3234375 0.56640625 0.021875 0.025
0 0.29921875 0.56640625 0.021875 0.025
0 0.27421875 0.56640625 0.021875 0.021875
0 0.2484375 0.56640625 0.021875 0.025
0 0.2234375 0.5671875 0.025 0.0265625