2 0.14921875 0.64765625 0.0375 0.25
3 0.15 0.6765625 0.03125 0.0078125
3 0.1515625 0.65859375 0.0296875 0.0046875
3 0.1515625 0.6390625 0.0265625 0.0046875
3 0.1515625 0.62734375 0.0265625 0.0046875
3 0.1515625 0.5953125 0.0265625 0.0046875
3 0.1515625 0.5828125 0.0265625 0.0046875
3 0.1515625 0.5609375 0.0265625 0.0078125
3 0.15 0.54921875 0.0265625 0.0046875
3 0.15 0.54296875 0.0265625 0.003125
3 0.15 0.53828125 0.0265625 0.003125
3 0.1515625 0.72734375 0.0296875 0.009375
3 0.1515625 0.7015625 0.0265625 0.009375
4 0.14921875 0.509375 0.0328125 0.0125
4 0.18359375 0.509375 0.034375 0.0140625
4 0.2171875 0.509375 0.034375 0.0140625
4 0.2484375 0.509375 0.034375 0.0125
4 0.2828125 0.509375 0.0328125 0.0140625
4 0.31484375 0.5109375 0.0296875 0.0125
4 0.3484375 0.509375 0.03125 0.0140625
4 0.38125 0.5109375 0.03125 0.0140625
4 0.41328125 0.5109375 0.0296875 0.0140625
4 0.446875 0.51171875 0.03125 0.0140625
4 0.48046875 0.5109375 0.034375 0.0171875
4 0.87734375 0.509375 0.034375 0.0171875
4 0.91015625 0.509375 0.03125 0.0171875
4 0.84609375 0.509375 0.0296875 0.0140625
4 0.8140625 0.509375 0.034375 0.0171875
4 0.77890625 0.50859375 0.034375 0.0140625
4 0.74609375 0.509375 0.03125 0.0125
4 0.7125 0.50859375 0.034375 0.0125
4 0.68046875 0.50859375 0.03125 0.0125
4 0.646875 0.50859375 0.034375 0.0125
4 0.61328125 0.50859375 0.03125 0.0125
4 0.58046875 0.5109375 0.03125 0.0125
4 0.546875 0.509375 0.03125 0.0125
4 0.5140625 0.5109375 0.028125 0.0125
1 0.52890625 0.509375 0.815625 0.025
0 0.1828125 0.72265625 0.03125 0.0125
0 0.1828125 0.71015625 0.03125 0.0125
0 0.875 0.7234375 0.03125 0.0125
0 0.8765625 0.7359375 0.034375 0.0125
0 0.875 0.74765625 0.034375 0.0125
0 0.8765625 0.76796875 0.03125 0.0203125
0 0.8765625 0.7140625 0.03125 0.009375
0 0.875 0.696875 0.03125 0.0125
0 0.875 0.6765625 0.0296875 0.0078125
0 0.18359375 0.74609375 0.0296875 0.0125
0 0.18359375 0.76328125 0.0296875 0.0140625
0 0.18359375 0.69453125 0.03125 0.0125
0 0.18359375 0.678125 0.03125 0.009375
0 0.18359375 0.66953125 0.03125 0.0078125
0 0.18359375 0.66015625 0.03125 0.0078125
0 0.18359375 0.625 0.0296875 0.0046875
0 0.18359375 0.6296875 0.0296875 0.0078125
0 0.18359375 0.6390625 0.0296875 0.0078125
0 0.2171875 0.7453125 0.0296875 0.0125
0 0.2171875 0.72109375 0.03125 0.0125
0 0.2171875 0.71015625 0.03125 0.0125
0 0.2171875 0.69453125 0.03125 0.0125
0 0.21640625 0.67578125 0.0296875 0.0078125
0 0.21640625 0.66953125 0.0296875 0.0046875
0 0.21640625 0.66015625 0.0296875 0.0078125
0 0.21484375 0.76328125 0.03125 0.0140625
0 0.21640625 0.6390625 0.0296875 0.0046875
0 0.84375 0.69609375 0.03125 0.0125
0 0.8421875 0.7125 0.03125 0.0125
0 0.84375 0.7234375 0.03125 0.0125
0 0.84375 0.74765625 0.0296875 0.0125
0 0.84375 0.765625 0.0296875 0.0171875
0 0.84375 0.6765625 0.0296875 0.009375
0 0.84375 0.66953125 0.0265625 0.0078125
0 0.84375 0.66015625 0.0296875 0.0078125
0 0.8453125 0.62890625 0.0265625 0.0046875
0 0.84375 0.625 0.0265625 0.0046875
0 0.84375 0.6390625 0.0265625 0.0046875
0 0.8125 0.765625 0.034375 0.0171875
0 0.8125 0.74609375 0.034375 0.0140625
0 0.8109375 0.72265625 0.03125 0.009375
0 0.8109375 0.71171875 0.03125 0.0125
0 0.8109375 0.69453125 0.034375 0.0125
0 0.8109375 0.6765625 0.03125 0.009375
0 0.8109375 0.66953125 0.03125 0.0078125
0 0.8109375 0.66015625 0.0296875 0.0078125
0 0.8109375 0.63828125 0.0296875 0.0046875
0 0.8109375 0.62890625 0.0296875 0.0046875
0 0.8109375 0.62265625 0.0296875 0.0046875
0 0.7453125 0.734375 0.03125 0.009375
0 0.74609375 0.74609375 0.034375 0.0125
0 0.74609375 0.72265625 0.03125 0.0125
0 0.74609375 0.71171875 0.03125 0.009375
0 0.7453125 0.69609375 0.03125 0.0125
0 0.7453125 0.67578125 0.028125 0.0078125
0 0.7453125 0.65859375 0.0265625 0.0078125
0 0.7453125 0.63828125 0.028125 0.0046875
0 0.7453125 0.7640625 0.034375 0.0203125
0 0.77890625 0.67578125 0.03125 0.0078125
0 0.77734375 0.66796875 0.03125 0.0078125
0 0.77890625 0.66015625 0.03125 0.0078125
0 0.77890625 0.63828125 0.028125 0.0078125
0 0.77890625 0.646875 0.03125 0.0078125
0 0.77890625 0.6234375 0.028125 0.0046875
0 0.77890625 0.62890625 0.028125 0.0078125
0 0.77890625 0.69375 0.034375 0.0125
0 0.77734375 0.71171875 0.034375 0.0125
0 0.77734375 0.72109375 0.03125 0.009375
0 0.77734375 0.7453125 0.034375 0.0125
0 0.77890625 0.7640625 0.034375 0.0203125
0 0.71015625 0.7640625 0.034375 0.0203125
0 0.71015625 0.7453125 0.034375 0.0140625
0 0.7125 0.72265625 0.03125 0.0125
0 0.71171875 0.71015625 0.034375 0.0125
0 0.71171875 0.69453125 0.034375 0.0125
0 0.71171875 0.67578125 0.034375 0.0078125
0 0.71171875 0.66796875 0.034375 0.0078125
0 0.71171875 0.65859375 0.034375 0.0078125
0 0.7125 0.63828125 0.028125 0.0046875
0 0.71171875 0.62265625 0.028125 0.0046875
0 0.7125 0.62890625 0.028125 0.0078125
0 0.7125 0.646875 0.028125 0.0078125
0 0.678125 0.7453125 0.03125 0.0125
0 0.67890625 0.72265625 0.03125 0.0125
0 0.67890625 0.71015625 0.034375 0.0125
0 0.67890625 0.69375 0.034375 0.0140625
0 0.67890625 0.67578125 0.03125 0.0078125
0 0.67890625 0.66796875 0.03125 0.0078125
0 0.67890625 0.65859375 0.03125 0.0078125
0 0.67890625 0.63828125 0.028125 0.0046875
0 0.67890625 0.62734375 0.028125 0.0046875
0 0.67890625 0.62265625 0.028125 0.0046875
0 0.678125 0.76328125 0.03125 0.0171875
0 0.875 0.66015625 0.0296875 0.0078125
0 0.6453125 0.7453125 0.03125 0.0125
0 0.646875 0.7640625 0.03125 0.0125
0 0.6453125 0.72109375 0.03125 0.009375
0 0.6453125 0.71015625 0.03125 0.009375
0 0.6453125 0.69375 0.03125 0.0125
0 0.6453125 0.67578125 0.03125 0.0078125
0 0.646875 0.65859375 0.03125 0.0078125
0 0.6453125 0.66796875 0.03125 0.0046875
0 0.6453125 0.63828125 0.028125 0.0046875
0 0.6453125 0.62109375 0.028125 0.0046875
0 0.61171875 0.62265625 0.028125 0.0046875
0 0.61328125 0.63828125 0.0296875 0.0078125
0 0.61171875 0.65859375 0.03125 0.0078125
0 0.67890625 0.646875 0.028125 0.0046875
0 0.34765625 0.76171875 0.0296875 0.0171875
0 0.34765625 0.74375 0.0296875 0.0125
0 0.3484375 0.7203125 0.0296875 0.009375
0 0.34765625 0.73203125 0.03125 0.009375
0 0.34765625 0.709375 0.03125 0.009375
0 0.34765625 0.6921875 0.03125 0.0125
0 0.34765625 0.67421875 0.0296875 0.0078125
0 0.34765625 0.6578125 0.0296875 0.0078125
0 0.34765625 0.6671875 0.0296875 0.0078125
0 0.3140625 0.76171875 0.0296875 0.0140625
0 0.3140625 0.74375 0.0296875 0.009375
0 0.31484375 0.7203125 0.0296875 0.0125
0 0.31484375 0.73203125 0.03125 0.0125
0 0.31484375 0.709375 0.03125 0.009375
0 0.31484375 0.69375 0.03125 0.0125
0 0.31484375 0.67578125 0.0296875 0.0078125
0 0.31484375 0.6671875 0.03125 0.0078125
0 0.31484375 0.65859375 0.03125 0.0078125
0 0.31484375 0.63671875 0.0296875 0.0046875
0 0.44609375 0.63671875 0.0296875 0.0078125
0 0.28125 0.74296875 0.0296875 0.0125
0 0.2828125 0.76171875 0.0296875 0.0125
0 0.28125 0.7203125 0.03125 0.009375
0 0.28125 0.709375 0.03125 0.009375
0 0.2828125 0.69375 0.03125 0.0125
0 0.2828125 0.67421875 0.0296875 0.009375
0 0.2828125 0.65859375 0.0296875 0.009375
0 0.2828125 0.63828125 0.0265625 0.0046875
0 0.61171875 0.69375 0.03125 0.0125
0 0.61171875 0.67578125 0.028125 0.0078125
0 0.6109375 0.66796875 0.03125 0.0078125
0 0.61171875 0.71171875 0.03125 0.009375
0 0.61171875 0.72109375 0.028125 0.009375
0 0.61171875 0.74375 0.03125 0.0125
0 0.61171875 0.76328125 0.03125 0.0140625
0 0.5796875 0.7453125 0.034375 0.009375
0 0.5796875 0.7328125 0.028125 0.0078125
0 0.5796875 0.72109375 0.028125 0.0125
0 0.578125 0.71015625 0.03125 0.009375
0 0.5796875 0.69453125 0.03125 0.0125
0 0.2484375 0.7453125 0.0296875 0.0125
0 0.2484375 0.76171875 0.03125 0.0125
0 0.25 0.7203125 0.03125 0.009375
0 0.2484375 0.73203125 0.0296875 0.0125
0 0.2484375 0.709375 0.0296875 0.0125
0 0.2484375 0.69375 0.0296875 0.0125
0 0.25 0.6765625 0.0296875 0.009375
0 0.25 0.66796875 0.0296875 0.0078125
0 0.25 0.65859375 0.0296875 0.009375
0 0.2484375 0.63671875 0.0296875 0.0046875
0 0.2828125 0.6671875 0.0296875 0.0046875
0 0.478125 0.7453125 0.0296875 0.0140625
0 0.4796875 0.72109375 0.0296875 0.009375
0 0.4796875 0.71015625 0.03125 0.009375
0 0.4796875 0.6921875 0.0296875 0.0125
0 0.48046875 0.67421875 0.0296875 0.0078125
0 0.48046875 0.6671875 0.0296875 0.0078125
0 0.4796875 0.6578125 0.0296875 0.0078125
0 0.4796875 0.63828125 0.0265625 0.0046875
0 0.4796875 0.62265625 0.0265625 0.0046875
0 0.4796875 0.6453125 0.0265625 0.0078125
0 0.578125 0.76328125 0.03125 0.0171875
0 0.5796875 0.67578125 0.028125 0.0078125
0 0.5796875 0.65859375 0.028125 0.0078125
0 0.5453125 0.66796875 0.0265625 0.0046875
0 0.546875 0.67578125 0.0296875 0.0078125
0 0.546875 0.65859375 0.0296875 0.0078125
0 0.5453125 0.69375 0.03125 0.0125
0 0.5453125 0.63828125 0.025 0.0078125
0 0.546875 0.62265625 0.0265625 0.0046875
0 0.5453125 0.71015625 0.028125 0.0125
0 0.5453125 0.72109375 0.028125 0.009375
0 0.5453125 0.7453125 0.028125 0.0125
0 0.5453125 0.76328125 0.028125 0.0171875
0 0.5453125 0.6453125 0.028125 0.0078125
0 0.6453125 0.646875 0.028125 0.0078125
0 0.51171875 0.71015625 0.0296875 0.009375
0 0.51171875 0.72109375 0.0296875 0.0125
0 0.51171875 0.74375 0.0296875 0.0125
0 0.51171875 0.76328125 0.0296875 0.0171875
0 0.51328125 0.69375 0.03125 0.0125
0 0.51171875 0.67421875 0.0296875 0.009375
0 0.51171875 0.66796875 0.0296875 0.0078125
0 0.51171875 0.65859375 0.0296875 0.0078125
0 0.51328125 0.63671875 0.0296875 0.0078125
0 0.51328125 0.62265625 0.0296875 0.0046875
0 0.51171875 0.6453125 0.0296875 0.0078125
0 0.44609375 0.74375 0.0265625 0.0125
0 0.44609375 0.72109375 0.0265625 0.0125
0 0.446875 0.71015625 0.0296875 0.009375
0 0.44609375 0.6921875 0.03125 0.0140625
0 0.446875 0.67578125 0.0296875 0.0078125
0 0.446875 0.66796875 0.0296875 0.0078125
0 0.44609375 0.65859375 0.0265625 0.0078125
0 0.446875 0.76328125 0.0265625 0.0140625
0 0.478125 0.76328125 0.0296875 0.0140625
0 0.446875 0.62265625 0.0265625 0.0078125
0 0.41328125 0.6578125 0.0265625 0.0078125
0 0.41328125 0.67421875 0.0265625 0.009375
0 0.41328125 0.69375 0.0296875 0.0125
0 0.41328125 0.71015625 0.03125 0.009375
0 0.41328125 0.72109375 0.0296875 0.0125
0 0.41328125 0.74375 0.03125 0.0125
0 0.41484375 0.76171875 0.03125 0.0203125
0 0.41328125 0.73203125 0.0296875 0.009375
0 0.3796875 0.65859375 0.0296875 0.009375
0 0.38125 0.67421875 0.0328125 0.0078125
0 0.38125 0.6671875 0.0296875 0.0078125
0 0.3796875 0.6921875 0.034375 0.0140625
0 0.3796875 0.709375 0.034375 0.009375
0 0.3796875 0.7203125 0.03125 0.0125
0 0.3796875 0.74375 0.034375 0.0125
0 0.37890625 0.76171875 0.034375 0.0171875
0 0.646875 0.5921875 0.0265625 0.0046875
0 0.67890625 0.5921875 0.0265625 0.0046875
0 0.546875 0.5921875 0.0265625 0.0046875
0 0.446875 0.5921875 0.025 0.003125
0 0.38125 0.62890625 0.0265625 0.0046875
0 0.38125 0.6453125 0.0265625 0.0046875
0 0.61328125 0.5921875 0.025 0.003125
0 0.2828125 0.6234375 0.0265625 0.003125
0 0.31484375 0.6234375 0.0296875 0.0046875
2 0.16484375 0.2859375 0.0375 0.2984375
3 0.165625 0.1828125 0.0296875 0.0046875
3 0.165625 0.16953125 0.03125 0.0046875
3 0.165625 0.2078125 0.0296875 0.0046875
3 0.165625 0.22265625 0.0296875 0.0046875
3 0.165625 0.14921875 0.0296875 0.0046875
3 0.165625 0.1609375 0.0296875 0.0046875
3 0.16484375 0.321875 0.0328125 0.009375
3 0.16328125 0.26171875 0.03125 0.009375
3 0.16484375 0.3859375 0.03125 0.0125
3 0.16328125 0.30078125 0.03125 0.0078125
4 0.16484375 0.11796875 0.0328125 0.0171875
0 0.19609375 0.42578125 0.0265625 0.0125
0 0.196875 0.40234375 0.03125 0.009375
0 0.196875 0.4109375 0.03125 0.0078125
0 0.196875 0.36875 0.03125 0.0078125
0 0.1984375 0.3765625 0.03125 0.0078125
0 0.196875 0.36171875 0.034375 0.0078125
4 0.19921875 0.1203125 0.0296875 0.0140625
4 0.2328125 0.1203125 0.03125 0.0125
4 0.2671875 0.12109375 0.0296875 0.0140625
4 0.30078125 0.1203125 0.0296875 0.0171875
4 0.89921875 0.125 0.03125 0.0125
4 0.86796875 0.1234375 0.0296875 0.0125
4 0.83515625 0.1234375 0.03125 0.0125
4 0.79921875 0.12265625 0.034375 0.0140625
4 0.7671875 0.1234375 0.028125 0.0140625
4 0.734375 0.1234375 0.03125 0.0140625
4 0.70078125 0.1234375 0.03125 0.0140625
4 0.6671875 0.12265625 0.03125 0.0140625
4 0.3328125 0.12109375 0.0296875 0.0140625
4 0.36640625 0.12109375 0.0296875 0.0125
4 0.4 0.12109375 0.0296875 0.0140625
4 0.43359375 0.12109375 0.03125 0.0171875
4 0.46640625 0.12109375 0.03125 0.0171875
4 0.5015625 0.12265625 0.0265625 0.0140625
4 0.53359375 0.12265625 0.028125 0.0140625
4 0.5671875 0.12265625 0.028125 0.0125
4 0.60234375 0.12265625 0.028125 0.0140625
4 0.634375 0.12265625 0.03125 0.0140625
0 0.23046875 0.4015625 0.03125 0.0125
0 0.23046875 0.4109375 0.034375 0.009375
0 0.23046875 0.4265625 0.034375 0.0140625
0 0.23046875 0.3765625 0.0296875 0.0078125
0 0.23046875 0.36875 0.03125 0.0078125
0 0.2640625 0.40390625 0.0296875 0.009375
0 0.2640625 0.4125 0.03125 0.009375
0 0.265625 0.37734375 0.0296875 0.0078125
0 0.265625 0.3703125 0.03125 0.0078125
0 0.265625 0.36328125 0.03125 0.0078125
0 0.29921875 0.37734375 0.03125 0.0078125
0 0.29921875 0.3703125 0.03125 0.0078125
0 0.29921875 0.36328125 0.03125 0.0078125
0 0.2984375 0.40390625 0.0328125 0.009375
0 0.2984375 0.41328125 0.0328125 0.0078125
0 0.29921875 0.428125 0.03125 0.0140625
0 0.33203125 0.3640625 0.03125 0.0078125
0 0.33203125 0.3703125 0.03125 0.0078125
0 0.33203125 0.37890625 0.03125 0.0078125
0 0.33203125 0.40390625 0.034375 0.009375
0 0.33203125 0.41484375 0.034375 0.009375
0 0.33203125 0.42890625 0.03125 0.0171875
0 0.89453125 0.41484375 0.034375 0.009375
0 0.89453125 0.4234375 0.034375 0.009375
0 0.89453125 0.43515625 0.034375 0.0140625
0 0.89453125 0.40234375 0.034375 0.009375
0 0.8953125 0.38828125 0.0296875 0.0078125
0 0.8953125 0.38125 0.03125 0.0078125
0 0.8953125 0.3734375 0.03125 0.0078125
0 0.43359375 0.43046875 0.0296875 0.0140625
0 0.365625 0.42890625 0.0328125 0.0140625
0 0.60078125 0.43515625 0.0359375 0.0171875
0 0.7640625 0.43515625 0.028125 0.0125
0 0.859375 0.43515625 0.03125 0.0125
0 0.43359375 0.40625 0.034375 0.0125
0 0.43359375 0.415625 0.034375 0.009375
0 0.4 0.42890625 0.0328125 0.0171875
0 0.39921875 0.4046875 0.0359375 0.0125
0 0.39921875 0.415625 0.0359375 0.009375
0 0.3640625 0.40390625 0.034375 0.0125
0 0.3640625 0.41484375 0.034375 0.0125
0 0.60234375 0.40859375 0.034375 0.009375
0 0.60234375 0.41953125 0.034375 0.009375
0 0.60078125 0.36875 0.028125 0.0078125
0 0.60234375 0.3765625 0.03125 0.0078125
0 0.56875 0.38359375 0.03125 0.009375
0 0.56875 0.375 0.034375 0.0078125
0 0.56953125 0.36796875 0.034375 0.0078125
0 0.634375 0.37734375 0.028125 0.0078125
0 0.634375 0.3859375 0.03125 0.0078125
0 0.634375 0.3703125 0.03125 0.0078125
0 0.5 0.38203125 0.0296875 0.0078125
0 0.5 0.3734375 0.0296875 0.009375
0 0.5015625 0.36640625 0.0296875 0.0078125
0 0.53359375 0.36796875 0.03125 0.0078125
0 0.53359375 0.375 0.03125 0.0078125
0 0.53359375 0.38203125 0.03125 0.0078125
0 0.4671875 0.40625 0.03125 0.009375
0 0.46640625 0.41484375 0.0296875 0.0078125
0 0.5015625 0.4078125 0.034375 0.0125
0 0.4984375 0.4171875 0.03125 0.009375
0 0.39921875 0.3796875 0.0296875 0.0078125
0 0.39921875 0.37265625 0.03125 0.0078125
0 0.39921875 0.3640625 0.0359375 0.009375
0 0.3640625 0.3640625 0.03125 0.0078125
0 0.365625 0.37109375 0.0328125 0.009375
0 0.365625 0.3796875 0.0328125 0.009375
0 0.43359375 0.365625 0.0296875 0.0078125
0 0.43359375 0.37265625 0.03125 0.009375
0 0.4328125 0.38359375 0.03125 0.0125
0 0.46640625 0.3796875 0.03125 0.0078125
0 0.46640625 0.3734375 0.03125 0.0078125
0 0.4671875 0.36640625 0.034375 0.0078125
0 0.53515625 0.4078125 0.0296875 0.0078125
0 0.5359375 0.415625 0.028125 0.009375
0 0.5671875 0.40859375 0.03125 0.009375
0 0.56875 0.415625 0.028125 0.009375
0 0.6671875 0.3859375 0.028125 0.0078125
0 0.6671875 0.37890625 0.03125 0.0078125
0 0.6671875 0.3703125 0.028125 0.0078125
0 0.86171875 0.41328125 0.034375 0.009375
0 0.8609375 0.421875 0.03125 0.009375
0 0.86171875 0.4015625 0.0296875 0.009375
0 0.86328125 0.38828125 0.03125 0.0078125
0 0.86328125 0.38125 0.03125 0.0078125
0 0.8640625 0.3734375 0.0296875 0.0078125
0 0.83203125 0.3734375 0.03125 0.0078125
0 0.83203125 0.3796875 0.03125 0.0078125
0 0.83046875 0.38828125 0.03125 0.009375
0 0.8296875 0.41328125 0.0296875 0.009375
0 0.8296875 0.421875 0.0296875 0.009375
0 0.8296875 0.4359375 0.0296875 0.0140625
0 0.796875 0.41328125 0.0296875 0.0078125
0 0.796875 0.421875 0.0296875 0.009375
0 0.7984375 0.38671875 0.028125 0.0078125
0 0.79921875 0.3796875 0.0296875 0.0078125
0 0.79921875 0.37265625 0.03125 0.0078125
0 0.7671875 0.3921875 0.03125 0.009375
0 0.7328125 0.37109375 0.03125 0.0078125
0 0.7328125 0.3796875 0.03125 0.0078125
0 0.73203125 0.38671875 0.03125 0.009375
0 0.73203125 0.4109375 0.03125 0.009375
0 0.73203125 0.4203125 0.034375 0.009375
0 0.7328125 0.43359375 0.028125 0.0125
0 0.765625 0.4125 0.0296875 0.009375
0 0.765625 0.421875 0.0296875 0.009375
0 0.765625 0.3796875 0.0265625 0.009375
0 0.69921875 0.37109375 0.03125 0.0078125
0 0.69921875 0.37890625 0.0296875 0.0078125
0 0.70078125 0.38671875 0.028125 0.0078125
0 0.69921875 0.4125 0.0265625 0.0078125
0 0.665625 0.4125 0.028125 0.0078125
0 0.634375 0.4109375 0.0265625 0.0078125
0 0.6671875 0.41953125 0.028125 0.0078125
0 0.6359375 0.41953125 0.028125 0.009375
0 0.69921875 0.41953125 0.0296875 0.0078125
1 0.5296875 0.1203125 0.78125 0.034375