2 0.17890625 0.37265625 0.04375 0.2984375
3 0.18125 0.3375 0.03125 0.009375
3 0.17890625 0.4046875 0.03125 0.009375
3 0.17890625 0.428125 0.0296875 0.009375
3 0.17890625 0.4390625 0.0296875 0.009375
3 0.178125 0.4515625 0.0296875 0.009375
3 0.17890625 0.47734375 0.03125 0.0171875
3 0.1828125 0.2984375 0.0296875 0.009375
3 0.1828125 0.2796875 0.0296875 0.009375
3 0.1828125 0.25703125 0.0296875 0.009375
3 0.18359375 0.2484375 0.0265625 0.0078125
4 0.1828125 0.20703125 0.03125 0.0140625
3 0.18359375 0.24375 0.0296875 0.0046875
3 0.17890625 0.50390625 0.0359375 0.0203125
4 0.2171875 0.2078125 0.0265625 0.0140625
4 0.2515625 0.209375 0.025 0.0140625
4 0.28359375 0.21015625 0.0265625 0.0140625
4 0.3171875 0.21015625 0.0265625 0.0140625
4 0.35078125 0.21171875 0.0265625 0.0140625
4 0.384375 0.21171875 0.0265625 0.0171875
4 0.94609375 0.21875 0.0265625 0.009375
4 0.91328125 0.21875 0.0296875 0.0125
4 0.88125 0.21875 0.0296875 0.0125
4 0.8484375 0.2171875 0.0296875 0.0125
4 0.81640625 0.2171875 0.0296875 0.0140625
4 0.7828125 0.2171875 0.028125 0.0140625
4 0.75 0.21640625 0.03125 0.0140625
4 0.7171875 0.21640625 0.0265625 0.0140625
4 0.68359375 0.21484375 0.0296875 0.0125
4 0.4171875 0.21171875 0.0296875 0.0171875
4 0.45078125 0.2125 0.0296875 0.0171875
4 0.484375 0.2125 0.0296875 0.0140625
4 0.5171875 0.2125 0.028125 0.0140625
4 0.55078125 0.2140625 0.0296875 0.0171875
4 0.584375 0.2140625 0.025 0.0171875
4 0.61640625 0.2125 0.0265625 0.009375
4 0.65 0.21484375 0.028125 0.0140625
1 0.56484375 0.2140625 0.8109375 0.0390625
0 0.2140625 0.3921875 0.0296875 0.009375
0 0.24609375 0.3921875 0.0296875 0.0125
0 0.2796875 0.3921875 0.0296875 0.0125
0 0.21171875 0.49140625 0.0296875 0.0125
0 0.3109375 0.49296875 0.0296875 0.0125
0 0.34609375 0.49375 0.03125 0.0125
0 0.4171875 0.32109375 0.03125 0.0140625
0 0.38359375 0.32109375 0.03125 0.0140625
0 0.35 0.32109375 0.0296875 0.0140625
0 0.31640625 0.31953125 0.0296875 0.0140625
0 0.2828125 0.31953125 0.0296875 0.0140625
0 0.2484375 0.31875 0.0296875 0.0140625
0 0.21640625 0.31875 0.03125 0.0125
0 0.3140625 0.3921875 0.0296875 0.009375
0 0.3484375 0.39296875 0.0265625 0.0125
0 0.38125 0.3921875 0.0265625 0.0125
0 0.415625 0.390625 0.03125 0.0125
0 0.4515625 0.3921875 0.0296875 0.0125
0 0.88203125 0.4 0.0265625 0.0125
0 0.85 0.39921875 0.0296875 0.0125
0 0.8171875 0.39921875 0.03125 0.0125
0 0.78359375 0.39765625 0.028125 0.0125
0 0.75234375 0.396875 0.028125 0.0125
0 0.7171875 0.396875 0.028125 0.0125
0 0.68515625 0.3953125 0.028125 0.0125
0 0.6515625 0.3953125 0.03125 0.0125
0 0.61796875 0.3953125 0.028125 0.0125
0 0.584375 0.3953125 0.028125 0.0125
0 0.5515625 0.39453125 0.028125 0.0125
0 0.4828125 0.39296875 0.0296875 0.0125
0 0.5171875 0.39296875 0.028125 0.009375
0 0.45078125 0.31953125 0.0296875 0.0125
0 0.484375 0.32109375 0.0296875 0.0140625
0 0.5171875 0.32109375 0.0265625 0.0140625
0 0.55078125 0.32109375 0.0296875 0.0140625
0 0.584375 0.321875 0.028125 0.0140625
0 0.61640625 0.32109375 0.028125 0.0140625
0 0.6515625 0.321875 0.03125 0.0140625
0 0.88125 0.328125 0.0296875 0.0140625
0 0.8484375 0.3265625 0.0296875 0.0140625
0 0.81640625 0.3265625 0.0296875 0.0140625
0 0.7828125 0.32578125 0.028125 0.0140625
0 0.75 0.32421875 0.0296875 0.0140625
0 0.7171875 0.3234375 0.028125 0.0140625
0 0.68359375 0.321875 0.0296875 0.0140625
0 0.8765625 0.4890625 0.0296875 0.0125
0 0.84609375 0.490625 0.0296875 0.009375
0 0.81484375 0.49296875 0.0296875 0.0125
0 0.7828125 0.49296875 0.028125 0.0125
0 0.7171875 0.49375 0.028125 0.0125
0 0.75 0.49375 0.03125 0.0140625
0 0.5515625 0.4953125 0.028125 0.0125
0 0.58671875 0.49609375 0.028125 0.0140625
0 0.61875 0.4953125 0.03125 0.0125
0 0.6515625 0.4953125 0.03125 0.0125
0 0.68515625 0.4953125 0.03125 0.0125
0 0.3796875 0.49375 0.0296875 0.0125
0 0.41484375 0.49296875 0.0296875 0.0140625
0 0.44921875 0.49296875 0.0296875 0.0140625
0 0.51953125 0.49375 0.03125 0.0125
0 0.4859375 0.49296875 0.0359375 0.0140625
0 0.21640625 0.2984375 0.0265625 0.0171875
0 0.25 0.2984375 0.0265625 0.0171875
0 0.2828125 0.29921875 0.0265625 0.0171875
0 0.31640625 0.30078125 0.0296875 0.0171875
0 0.35 0.3015625 0.0296875 0.0171875
0 0.8796875 0.3078125 0.0296875 0.0171875
0 0.84765625 0.3078125 0.03125 0.0171875
0 0.81484375 0.3078125 0.0296875 0.0140625
0 0.7828125 0.30625 0.028125 0.0171875
0 0.75 0.30625 0.03125 0.0140625
0 0.7171875 0.30546875 0.028125 0.0171875
0 0.68359375 0.303125 0.0296875 0.0140625
0 0.65 0.303125 0.028125 0.0171875
0 0.61796875 0.303125 0.028125 0.0171875
0 0.24296875 0.49140625 0.03125 0.0125
0 0.8796875 0.36796875 0.0296875 0.0125
0 0.584375 0.303125 0.03125 0.0171875
0 0.5171875 0.30078125 0.028125 0.0171875
0 0.4828125 0.3015625 0.03125 0.0171875
0 0.45078125 0.30078125 0.03125 0.0140625
0 0.4171875 0.30078125 0.03125 0.0171875
0 0.38359375 0.3015625 0.0296875 0.0140625
0 0.54921875 0.30078125 0.03125 0.0171875
0 0.5515625 0.44375 0.034375 0.009375
0 0.87890625 0.44609375 0.0296875 0.0125
0 0.21640625 0.26796875 0.0265625 0.0078125
0 0.21640625 0.26328125 0.0265625 0.0046875
0 0.2171875 0.259375 0.0265625 0.0046875
0 0.25 0.26796875 0.0265625 0.0046875
0 0.25 0.25859375 0.0265625 0.0046875
0 0.25 0.26328125 0.0265625 0.0046875
0 0.3171875 0.26953125 0.0265625 0.0046875
0 0.84765625 0.2765625 0.025 0.0046875
0 0.81484375 0.2765625 0.0265625 0.0046875
0 0.75 0.275 0.025 0.0046875
0 0.61796875 0.271875 0.0234375 0.0046875
0 0.38359375 0.2703125 0.0265625 0.0046875
0 0.35078125 0.2703125 0.0265625 0.0046875
0 0.28359375 0.26953125 0.0265625 0.0046875
0 0.61796875 0.44375 0.028125 0.009375
0 0.8171875 0.365625 0.0296875 0.009375
0 0.81640625 0.446875 0.03125 0.009375
0 0.484375 0.2703125 0.0265625 0.0046875
0 0.484375 0.26171875 0.0265625 0.0046875
0 0.484375 0.265625 0.0265625 0.0046875
0 0.415625 0.44140625 0.0296875 0.009375
0 0.51796875 0.44140625 0.03125 0.009375
0 0.45078125 0.2703125 0.0296875 0.0046875
0 0.45078125 0.265625 0.0265625 0.0046875
0 0.45078125 0.2609375 0.0265625 0.0046875
0 0.4171875 0.26953125 0.0265625 0.0046875
0 0.384375 0.2609375 0.0265625 0.0046875
0 0.38359375 0.265625 0.0265625 0.0046875
0 0.4171875 0.26171875 0.0265625 0.0046875
0 0.5171875 0.26171875 0.0265625 0.0046875
0 0.5171875 0.2703125 0.028125 0.0046875
0 0.5171875 0.2671875 0.0265625 0.0046875
0 0.4171875 0.265625 0.0265625 0.0046875
0 0.8796875 0.2765625 0.0296875 0.0046875
0 0.7828125 0.275 0.0265625 0.0046875
0 0.78125 0.2671875 0.0265625 0.0078125
0 0.7828125 0.2703125 0.028125 0.0046875
0 0.71640625 0.27421875 0.028125 0.0046875
0 0.7484375 0.2671875 0.0265625 0.0078125
0 0.7484375 0.271875 0.0265625 0.0046875
0 0.81484375 0.271875 0.0265625 0.0046875
0 0.81484375 0.26796875 0.0265625 0.0046875
0 0.84765625 0.271875 0.0265625 0.0046875
0 0.84765625 0.26796875 0.0265625 0.0046875
0 0.55078125 0.26328125 0.0265625 0.0046875
0 0.78515625 0.3640625 0.0265625 0.0078125
0 0.3484375 0.359375 0.0265625 0.0078125
0 0.35078125 0.2609375 0.0265625 0.0046875
0 0.35078125 0.265625 0.0265625 0.0046875
0 0.61640625 0.2671875 0.028125 0.0046875
0 0.61796875 0.26328125 0.028125 0.0046875
0 0.3171875 0.2609375 0.0265625 0.0046875
0 0.3171875 0.2640625 0.0265625 0.0046875
0 0.55078125 0.2703125 0.0296875 0.0046875
0 0.65 0.26796875 0.028125 0.0046875
0 0.484375 0.44140625 0.03125 0.0125
0 0.584375 0.271875 0.0265625 0.0046875
0 0.584375 0.26796875 0.0265625 0.0046875
0 0.584375 0.26328125 0.028125 0.0046875