3 0.18125 0.25703125 0.0296875 0.009375
3 0.18046875 0.2796875 0.0296875 0.0125
3 0.18046875 0.2984375 0.0296875 0.009375
3 0.17890625 0.3375 0.0296875 0.009375
3 0.1765625 0.40390625 0.0296875 0.009375
3 0.17578125 0.428125 0.0265625 0.009375
3 0.17578125 0.4515625 0.0265625 0.009375
3 0.1765625 0.4390625 0.0265625 0.009375
3 0.1765625 0.47578125 0.03125 0.0140625
3 0.1828125 0.2484375 0.0296875 0.0078125
4 0.18125 0.20703125 0.03125 0.0125
4 0.21640625 0.2078125 0.03125 0.0140625
4 0.2484375 0.209375 0.0296875 0.0140625
4 0.2828125 0.21015625 0.0296875 0.0140625
4 0.31640625 0.21015625 0.0296875 0.0140625
4 0.9421875 0.2203125 0.0296875 0.009375
4 0.91015625 0.2203125 0.0296875 0.0125
4 0.87734375 0.22109375 0.0296875 0.0125
4 0.8453125 0.21875 0.0296875 0.0140625
4 0.8125 0.21875 0.03125 0.0125
4 0.7796875 0.2171875 0.028125 0.0140625
4 0.74609375 0.21640625 0.03125 0.0140625
4 0.71484375 0.21640625 0.0296875 0.0140625
4 0.68125 0.21484375 0.03125 0.0140625
4 0.64765625 0.21484375 0.028125 0.0125
4 0.615625 0.2140625 0.028125 0.0125
4 0.3484375 0.21015625 0.0296875 0.0171875
4 0.38203125 0.21015625 0.0296875 0.0171875
4 0.415625 0.21171875 0.03125 0.0140625
4 0.4484375 0.2125 0.03125 0.0171875
4 0.58203125 0.2140625 0.0296875 0.0171875
4 0.54921875 0.2140625 0.03125 0.0140625
4 0.48203125 0.2125 0.0296875 0.0140625
4 0.5140625 0.2125 0.028125 0.0171875
0 0.2140625 0.3171875 0.0296875 0.0125
0 0.24765625 0.3171875 0.0296875 0.0125
0 0.87734375 0.328125 0.0296875 0.0140625
0 0.84375 0.328125 0.0296875 0.0140625
0 0.8125 0.328125 0.03125 0.0140625
0 0.7796875 0.3265625 0.028125 0.0140625
0 0.74609375 0.32578125 0.03125 0.0140625
0 0.87734375 0.30859375 0.0296875 0.0125
0 0.84375 0.30859375 0.0296875 0.0140625
0 0.8125 0.3078125 0.0296875 0.0140625
0 0.7796875 0.30625 0.028125 0.0140625
0 0.74609375 0.30546875 0.0296875 0.0125
0 0.7140625 0.30390625 0.028125 0.0125
0 0.7140625 0.32421875 0.028125 0.0140625
1 0.5578125 0.21015625 0.8125 0.0359375
0 0.68125 0.3234375 0.028125 0.0140625
0 0.68125 0.303125 0.028125 0.0125
0 0.64765625 0.303125 0.028125 0.0125
0 0.64765625 0.3234375 0.028125 0.0140625
0 0.6140625 0.321875 0.028125 0.0140625
0 0.6140625 0.3015625 0.03125 0.0125
0 0.58046875 0.39453125 0.0265625 0.0078125
0 0.6140625 0.3953125 0.028125 0.0125
0 0.58203125 0.3234375 0.0296875 0.0140625
0 0.5484375 0.32109375 0.028125 0.0140625
0 0.515625 0.321875 0.03125 0.0171875
0 0.48046875 0.32109375 0.0296875 0.0140625
0 0.4484375 0.31953125 0.0265625 0.0140625
0 0.41484375 0.31953125 0.0296875 0.0140625
0 0.38125 0.31953125 0.0296875 0.0140625
0 0.34765625 0.31953125 0.0296875 0.0140625
0 0.3140625 0.31953125 0.0296875 0.0140625
0 0.2796875 0.31875 0.0265625 0.0140625
0 0.21484375 0.26953125 0.0265625 0.0078125
0 0.21484375 0.2640625 0.0265625 0.0046875
0 0.21484375 0.259375 0.0265625 0.0046875
0 0.24765625 0.26796875 0.0265625 0.0046875
0 0.28125 0.26796875 0.0265625 0.0046875
0 0.21484375 0.2984375 0.0265625 0.0125
0 0.24765625 0.2984375 0.0296875 0.0125
0 0.28125 0.2984375 0.0265625 0.009375
0 0.31484375 0.29921875 0.0296875 0.0125
0 0.3484375 0.30078125 0.0296875 0.0125
0 0.38125 0.3015625 0.0265625 0.009375
0 0.415625 0.30078125 0.0265625 0.009375
0 0.44921875 0.30078125 0.0296875 0.009375
0 0.58203125 0.3015625 0.0296875 0.0125
0 0.5484375 0.30078125 0.028125 0.0140625
0 0.515625 0.30078125 0.0296875 0.0125
0 0.48203125 0.30078125 0.0296875 0.0125
0 0.87890625 0.4015625 0.0265625 0.009375
0 0.8453125 0.4015625 0.0265625 0.0125
0 0.8140625 0.4 0.0265625 0.009375
0 0.7796875 0.39921875 0.028125 0.009375
0 0.74765625 0.39765625 0.0265625 0.009375
0 0.71484375 0.396875 0.0296875 0.009375
0 0.68125 0.396875 0.028125 0.009375
0 0.64765625 0.3953125 0.03125 0.009375
0 0.5484375 0.39296875 0.028125 0.009375
0 0.5140625 0.39296875 0.025 0.0078125
0 0.48203125 0.39296875 0.0265625 0.009375
0 0.4484375 0.3921875 0.0265625 0.009375
0 0.21015625 0.3921875 0.0296875 0.0078125
0 0.24375 0.3921875 0.0296875 0.0078125
0 0.3453125 0.3921875 0.0296875 0.0078125
0 0.3796875 0.3921875 0.0296875 0.009375
0 0.41484375 0.3921875 0.0265625 0.009375
0 0.3109375 0.3921875 0.0265625 0.009375
0 0.27734375 0.3921875 0.0296875 0.0078125
0 0.8765625 0.446875 0.025 0.009375
0 0.87265625 0.490625 0.0265625 0.009375
0 0.8109375 0.49296875 0.0296875 0.0125
0 0.84140625 0.49140625 0.0296875 0.009375
0 0.54921875 0.4953125 0.028125 0.0125
0 0.5828125 0.4953125 0.028125 0.009375
0 0.6140625 0.4953125 0.028125 0.009375
0 0.64765625 0.4953125 0.028125 0.009375
0 0.77734375 0.49375 0.03125 0.009375
0 0.7125 0.49375 0.0265625 0.009375
0 0.7453125 0.49375 0.03125 0.009375
0 0.68046875 0.4953125 0.028125 0.009375
0 0.37734375 0.49296875 0.0265625 0.009375
0 0.30859375 0.49375 0.0265625 0.009375
0 0.34140625 0.49375 0.03125 0.009375
0 0.41328125 0.49296875 0.0359375 0.009375
0 0.515625 0.4953125 0.03125 0.009375
0 0.209375 0.4890625 0.0265625 0.009375
0 0.5484375 0.4421875 0.0265625 0.009375
2 0.178125 0.3609375 0.040625 0.2625