4 0.14453125 0.37734375 0.03125 0.0140625
4 0.1765625 0.37734375 0.03125 0.0140625
4 0.21015625 0.3765625 0.0296875 0.0125
4 0.24375 0.375 0.0296875 0.0140625
4 0.2765625 0.375 0.0296875 0.0140625
4 0.30859375 0.3734375 0.03125 0.0140625
4 0.3421875 0.37265625 0.0296875 0.0140625
4 0.90390625 0.3640625 0.03125 0.0171875
4 0.8703125 0.3640625 0.03125 0.0171875
4 0.8375 0.365625 0.0265625 0.009375
4 0.77265625 0.36640625 0.028125 0.009375
4 0.80625 0.365625 0.028125 0.0125
4 0.7390625 0.36796875 0.03125 0.0125
4 0.70703125 0.36875 0.03125 0.0125
4 0.6734375 0.36796875 0.028125 0.0125
4 0.640625 0.36875 0.0296875 0.0125
4 0.6078125 0.3703125 0.034375 0.0125
4 0.57421875 0.3703125 0.0296875 0.0125
4 0.5421875 0.3703125 0.03125 0.009375
4 0.50859375 0.37109375 0.0296875 0.0125
4 0.475 0.37109375 0.0296875 0.0125
4 0.4421875 0.37265625 0.0265625 0.0125
4 0.40859375 0.37265625 0.0296875 0.009375
4 0.3734375 0.3734375 0.0296875 0.009375
1 0.521875 0.3703125 0.821875 0.04375
0 0.17890625 0.52890625 0.03125 0.0171875
0 0.2140625 0.5296875 0.03125 0.0140625
0 0.24765625 0.52890625 0.03125 0.0171875
0 0.28125 0.52734375 0.0296875 0.0125
0 0.478125 0.525 0.0296875 0.0171875
0 0.44609375 0.5265625 0.0296875 0.0171875
0 0.4125 0.525 0.03125 0.0203125
0 0.37890625 0.525 0.0296875 0.0203125
0 0.34609375 0.5265625 0.03125 0.0203125
0 0.3140625 0.52890625 0.0296875 0.0140625
0 0.18046875 0.54453125 0.03125 0.0125
0 0.2140625 0.54453125 0.0296875 0.0125
0 0.478125 0.5421875 0.0265625 0.0125
0 0.44453125 0.540625 0.0296875 0.0125
0 0.4109375 0.5421875 0.03125 0.0125
0 0.37734375 0.5421875 0.0296875 0.0125
0 0.3453125 0.54296875 0.03125 0.0125
0 0.3140625 0.54296875 0.0296875 0.0125
0 0.2796875 0.5421875 0.03125 0.0125
0 0.24609375 0.54296875 0.03125 0.0125
0 0.2484375 0.5625 0.0296875 0.0203125
0 0.21484375 0.5640625 0.034375 0.0203125
0 0.18046875 0.5640625 0.03125 0.0203125
0 0.4796875 0.56015625 0.0296875 0.0203125
0 0.446875 0.55859375 0.0296875 0.0171875
0 0.4125 0.56015625 0.034375 0.0171875
0 0.3796875 0.56015625 0.0296875 0.0171875
0 0.34765625 0.55859375 0.0296875 0.0171875
0 0.31484375 0.5609375 0.03125 0.0203125
0 0.28125 0.5578125 0.0296875 0.0140625
0 0.478125 0.50625 0.0296875 0.0140625
0 0.44453125 0.5046875 0.0296875 0.0125
0 0.3453125 0.50703125 0.0296875 0.0140625
0 0.4109375 0.42890625 0.0296875 0.0140625
0 0.47734375 0.428125 0.03125 0.0140625
0 0.44375 0.428125 0.0296875 0.0125
0 0.37734375 0.428125 0.0328125 0.0125
0 0.4125 0.50859375 0.0296875 0.0125
0 0.37890625 0.50859375 0.0296875 0.0125
0 0.84140625 0.5203125 0.0296875 0.0140625
0 0.80859375 0.5203125 0.03125 0.0140625
0 0.775 0.5203125 0.028125 0.0171875
0 0.74140625 0.521875 0.03125 0.0140625
0 0.709375 0.52265625 0.03125 0.0140625
0 0.67578125 0.52421875 0.03125 0.0140625
0 0.6765625 0.53984375 0.03125 0.0125
0 0.6765625 0.55625 0.03125 0.0171875
0 0.709375 0.53828125 0.028125 0.0125
0 0.709375 0.55625 0.03125 0.0171875
0 0.74140625 0.5375 0.03125 0.0125
0 0.74296875 0.55390625 0.028125 0.0140625
0 0.775 0.53515625 0.028125 0.0125
0 0.775 0.553125 0.028125 0.0171875
0 0.84140625 0.5359375 0.0296875 0.0125
0 0.8421875 0.553125 0.0296875 0.0140625
0 0.80859375 0.553125 0.03125 0.0125
0 0.80859375 0.53515625 0.03125 0.0125
0 0.67578125 0.5015625 0.03125 0.0171875
0 0.74296875 0.5015625 0.03125 0.0140625
0 0.6734375 0.42421875 0.028125 0.0140625
0 0.6109375 0.5203125 0.03125 0.0203125
0 0.578125 0.521875 0.03125 0.0171875
0 0.54453125 0.52421875 0.03125 0.0140625
0 0.5796875 0.53984375 0.028125 0.0140625
0 0.61171875 0.53828125 0.028125 0.0125
0 0.61171875 0.55625 0.03125 0.0171875
0 0.578125 0.55625 0.03125 0.0140625
0 0.2125 0.50859375 0.034375 0.0171875
0 0.3109375 0.50390625 0.03125 0.0203125