1 0.50625 0.3125 0.9859375 0.0609375
2 0.9046875 0.48203125 0.04375 0.2765625
0 0.64921875 0.5046875 0.034375 0.0265625
0 0.5765625 0.5046875 0.0359375 0.0234375
0 0.79453125 0.5046875 0.0359375 0.0265625
0 0.83046875 0.50625 0.034375 0.025
0 0.43359375 0.50625 0.034375 0.021875
0 0.61328125 0.50625 0.034375 0.021875
0 0.540625 0.50625 0.034375 0.025
0 0.28828125 0.50625 0.0359375 0.025
0 0.68515625 0.50703125 0.0359375 0.0234375
0 0.4703125 0.50703125 0.034375 0.021875
0 0.5046875 0.50703125 0.034375 0.021875
0 0.36171875 0.50703125 0.0359375 0.0234375
0 0.396875 0.50703125 0.0359375 0.0203125
0 0.25390625 0.50703125 0.0359375 0.0234375
0 0.32421875 0.50703125 0.034375 0.0234375
0 0.109375 0.50703125 0.0359375 0.0234375
0 0.2171875 0.50859375 0.0359375 0.021875
0 0.72265625 0.50859375 0.034375 0.0234375
0 0.18046875 0.50859375 0.0359375 0.0234375
0 0.0734375 0.50859375 0.03125 0.021875
0 0.14453125 0.51171875 0.034375 0.025
3 0.0375 0.584375 0.040625 0.034375
3 0.0359375 0.52890625 0.0359375 0.028125
3 0.0359375 0.490625 0.0390625 0.0265625
3 0.0359375 0.46015625 0.0390625 0.025
3 0.03515625 0.428125 0.0359375 0.021875
3 0.0359375 0.4046875 0.034375 0.021875
3 0.03515625 0.3890625 0.0359375 0.0125
3 0.0359375 0.3765625 0.0390625 0.0140625
4 0.03359375 0.3109375 0.0359375 0.0296875
3 0.9046875 0.58046875 0.0390625 0.0390625
3 0.90390625 0.52734375 0.0390625 0.0296875
3 0.90390625 0.4890625 0.0390625 0.025
3 0.90390625 0.46171875 0.0359375 0.021875
3 0.90390625 0.4265625 0.034375 0.021875
3 0.90390625 0.4046875 0.0359375 0.0203125
3 0.90390625 0.390625 0.034375 0.0125
3 0.90390625 0.37734375 0.0359375 0.0140625
3 0.9046875 0.35234375 0.0359375 0.0203125
4 0.06875 0.31484375 0.03125 0.0296875
4 0.10234375 0.31640625 0.0359375 0.0359375
4 0.140625 0.3171875 0.0359375 0.03125
4 0.178125 0.31484375 0.0328125 0.0359375
4 0.2140625 0.31640625 0.034375 0.034375
4 0.25 0.3171875 0.0359375 0.03125
4 0.2875 0.31640625 0.03125 0.0296875
4 0.3234375 0.31640625 0.0359375 0.03125
4 0.36171875 0.31484375 0.0390625 0.03125
4 0.39765625 0.3171875 0.034375 0.03125
4 0.43359375 0.31640625 0.0390625 0.034375
4 0.46875 0.3140625 0.034375 0.0359375
4 0.50625 0.31484375 0.0359375 0.0390625
4 0.5421875 0.31640625 0.028125 0.0359375
4 0.578125 0.31484375 0.0359375 0.04375
4 0.615625 0.3140625 0.0390625 0.040625
4 0.65390625 0.3140625 0.034375 0.0390625
4 0.6890625 0.31484375 0.034375 0.040625
4 0.72578125 0.3140625 0.0359375 0.040625
4 0.76171875 0.3125 0.034375 0.040625
4 0.79921875 0.3140625 0.034375 0.04375
4 0.83515625 0.31640625 0.0359375 0.040625
4 0.8703125 0.3125 0.034375 0.0390625
4 0.90625 0.31015625 0.0390625 0.0359375
4 0.94609375 0.31484375 0.034375 0.04375
4 0.98203125 0.3140625 0.034375 0.040625
3 0.03515625 0.34765625 0.0390625 0.021875
2 0.0359375 0.47265625 0.0484375 0.2671875