3 0.1703125 0.7875 0.0265625 0.0078125
3 0.1703125 0.76328125 0.025 0.0046875
3 0.1703125 0.7515625 0.025 0.0046875
3 0.1703125 0.7453125 0.025 0.0046875
3 0.1703125 0.74140625 0.025 0.003125
4 0.16953125 0.72734375 0.0296875 0.0125
4 0.20234375 0.72578125 0.0296875 0.009375
4 0.234375 0.72578125 0.028125 0.0078125
4 0.2671875 0.72578125 0.0296875 0.009375
4 0.30078125 0.72578125 0.0296875 0.0109375
4 0.3328125 0.72421875 0.028125 0.0109375
4 0.3671875 0.7234375 0.0296875 0.0109375
4 0.4 0.7234375 0.0265625 0.0109375
4 0.4328125 0.72265625 0.0296875 0.009375
4 0.4671875 0.721875 0.0296875 0.009375
4 0.5 0.721875 0.0296875 0.0078125
4 0.928125 0.71796875 0.028125 0.0078125
4 0.8953125 0.71875 0.028125 0.009375
4 0.8625 0.71875 0.028125 0.009375
4 0.83046875 0.71875 0.0296875 0.009375
4 0.796875 0.71875 0.0296875 0.009375
4 0.76484375 0.71875 0.028125 0.0109375
4 0.73203125 0.71953125 0.028125 0.0109375
4 0.69921875 0.71953125 0.028125 0.009375
4 0.66484375 0.7203125 0.0265625 0.009375
4 0.63203125 0.71953125 0.028125 0.009375
4 0.59765625 0.72109375 0.028125 0.0109375
4 0.56796875 0.72109375 0.028125 0.0109375
4 0.5328125 0.721875 0.028125 0.0109375
1 0.546875 0.72265625 0.8078125 0.028125
0 0.30078125 0.76484375 0.0296875 0.0078125
0 0.26640625 0.76484375 0.028125 0.0078125
0 0.334375 0.76328125 0.025 0.009375
0 0.43359375 0.7625 0.0296875 0.0078125
0 0.465625 0.76171875 0.028125 0.0078125
0 0.49921875 0.76171875 0.028125 0.0078125
0 0.82890625 0.759375 0.025 0.00625
0 0.76484375 0.76015625 0.025 0.0078125
0 0.69921875 0.76015625 0.0265625 0.0078125
0 0.73125 0.76015625 0.025 0.0078125
0 0.63125 0.7609375 0.028125 0.0078125
0 0.59765625 0.7609375 0.028125 0.0078125
0 0.36640625 0.76328125 0.028125 0.0078125
0 0.203125 0.76484375 0.0296875 0.0078125
0 0.23671875 0.825 0.028125 0.0125
0 0.26953125 0.82578125 0.0296875 0.009375
0 0.33515625 0.82421875 0.0296875 0.0109375
0 0.36875 0.82421875 0.0296875 0.0109375
0 0.403125 0.82421875 0.028125 0.0125
0 0.86328125 0.8203125 0.03125 0.0109375
0 0.83046875 0.82109375 0.03125 0.0125
0 0.79765625 0.82109375 0.0296875 0.0125
0 0.76328125 0.821875 0.03125 0.0125
0 0.7328125 0.821875 0.0265625 0.0109375
0 0.7 0.82109375 0.0296875 0.0109375
0 0.665625 0.821875 0.03125 0.0125
0 0.6328125 0.82265625 0.028125 0.0109375
0 0.59921875 0.82265625 0.0296875 0.0109375
0 0.56640625 0.82265625 0.0265625 0.0125
0 0.5328125 0.8234375 0.0296875 0.0125
0 0.5 0.8234375 0.028125 0.0109375
0 0.46796875 0.82421875 0.028125 0.0109375
0 0.43515625 0.825 0.028125 0.0109375
0 0.20078125 0.82578125 0.0328125 0.0125
2 0.1703125 0.7859375 0.03125 0.1
3 0.14296875 0.5875 0.025 0.00625
3 0.1421875 0.56171875 0.025 0.0046875
3 0.1421875 0.54921875 0.025 0.0046875
3 0.14296875 0.5421875 0.0265625 0.003125
3 0.14296875 0.5375 0.025 0.003125
3 0.14296875 0.534375 0.025 0.003125
4 0.14296875 0.52265625 0.028125 0.0109375
4 0.175 0.52109375 0.028125 0.009375
4 0.20859375 0.51953125 0.028125 0.009375
4 0.24140625 0.51875 0.0296875 0.0109375
4 0.27578125 0.51875 0.0296875 0.0078125
2 0.14375 0.1625 0.0328125 0.0796875
3 0.1453125 0.1921875 0.028125 0.0078125
3 0.1453125 0.16171875 0.025 0.00625
3 0.14453125 0.146875 0.0265625 0.00625
3 0.14453125 0.1390625 0.0265625 0.0046875
3 0.14453125 0.13359375 0.025 0.0046875
4 0.14375 0.1125 0.0296875 0.0125
2 0.146875 0.35703125 0.03125 0.0703125
3 0.146875 0.38671875 0.028125 0.0078125
3 0.146875 0.3578125 0.025 0.00625
3 0.14765625 0.34453125 0.0265625 0.0046875
3 0.14765625 0.33671875 0.025 0.0046875
3 0.14765625 0.3328125 0.025 0.0046875
4 0.14609375 0.3125 0.0296875 0.0125
4 0.309375 0.5171875 0.0296875 0.009375
4 0.34296875 0.51640625 0.0296875 0.009375
4 0.37578125 0.51640625 0.0296875 0.0078125
4 0.409375 0.515625 0.028125 0.009375
4 0.4421875 0.51484375 0.028125 0.0078125
4 0.475 0.51328125 0.028125 0.009375
4 0.509375 0.5140625 0.0296875 0.009375
4 0.54375 0.51328125 0.028125 0.0078125
4 0.61015625 0.5125 0.028125 0.0078125
4 0.57734375 0.5125 0.0296875 0.0078125
4 0.64375 0.51171875 0.0296875 0.0078125
4 0.6765625 0.51171875 0.0296875 0.009375
4 0.7109375 0.5109375 0.0296875 0.0078125
4 0.74375 0.5109375 0.0296875 0.0078125
4 0.8765625 0.5078125 0.0265625 0.0078125
4 0.91015625 0.50703125 0.0296875 0.0078125
4 0.84375 0.5078125 0.0296875 0.009375
4 0.8109375 0.509375 0.03125 0.009375
4 0.7765625 0.51015625 0.0296875 0.009375
0 0.1765625 0.5578125 0.0265625 0.0046875
0 0.17578125 0.553125 0.028125 0.0046875
0 0.209375 0.55546875 0.0265625 0.0046875
0 0.24296875 0.55625 0.028125 0.0046875
0 0.2421875 0.5515625 0.0265625 0.0046875
0 0.27578125 0.55546875 0.0265625 0.0046875
0 0.27578125 0.55 0.0265625 0.0046875
0 0.31015625 0.5546875 0.028125 0.00625
0 0.31015625 0.54921875 0.028125 0.0046875
0 0.34375 0.553125 0.0265625 0.0046875
0 0.34296875 0.5484375 0.0265625 0.0046875
0 0.3765625 0.553125 0.028125 0.0046875
0 0.3765625 0.5484375 0.028125 0.0046875
0 0.41015625 0.553125 0.028125 0.0046875
0 0.41015625 0.5484375 0.028125 0.0046875
0 0.44296875 0.55234375 0.0265625 0.0046875
0 0.44296875 0.54765625 0.0265625 0.0046875
0 0.4765625 0.5515625 0.028125 0.0046875
0 0.47578125 0.546875 0.0296875 0.0046875
0 0.5109375 0.55 0.0265625 0.0046875
0 0.54296875 0.55 0.0265625 0.0046875
0 0.54375 0.54609375 0.025 0.0046875
0 0.84375 0.54609375 0.025 0.0046875
0 0.81015625 0.54765625 0.0265625 0.0046875
0 0.81015625 0.5421875 0.0265625 0.0046875
0 0.77734375 0.54765625 0.0265625 0.0046875
0 0.7765625 0.54296875 0.025 0.0046875
0 0.74375 0.54765625 0.028125 0.0046875
0 0.74296875 0.54375 0.0265625 0.0046875
0 0.71015625 0.5484375 0.0265625 0.0046875
0 0.71015625 0.54375 0.0265625 0.0046875
0 0.67734375 0.5484375 0.0265625 0.0046875
0 0.67734375 0.54453125 0.0265625 0.003125
0 0.64453125 0.5484375 0.0265625 0.0046875
0 0.6109375 0.54921875 0.028125 0.0046875
0 0.61015625 0.5453125 0.028125 0.0046875
0 0.57734375 0.55 0.028125 0.0046875
0 0.57734375 0.54609375 0.0265625 0.0046875
1 0.52890625 0.5140625 0.8078125 0.03125
0 0.18046875 0.365625 0.0296875 0.0078125
0 0.21328125 0.36484375 0.025 0.00625
0 0.24765625 0.3640625 0.0296875 0.00625
0 0.28125 0.3640625 0.03125 0.0078125
0 0.3140625 0.3640625 0.0296875 0.0078125
0 0.346875 0.36328125 0.0265625 0.00625
0 0.38125 0.3625 0.028125 0.00625
0 0.84453125 0.3609375 0.0265625 0.00625
0 0.8109375 0.36171875 0.03125 0.0078125
0 0.778125 0.3609375 0.028125 0.0078125
0 0.74609375 0.3609375 0.0265625 0.00625
0 0.7125 0.36015625 0.028125 0.0078125
0 0.6796875 0.3609375 0.028125 0.0078125
0 0.61328125 0.3609375 0.0296875 0.0078125
0 0.646875 0.36015625 0.025 0.00625
0 0.5796875 0.3609375 0.028125 0.00625
0 0.546875 0.36171875 0.028125 0.00625
0 0.5140625 0.36171875 0.0265625 0.0078125
0 0.48125 0.3625 0.0296875 0.0078125
0 0.44765625 0.3625 0.0265625 0.0078125
0 0.41484375 0.3625 0.028125 0.0078125
4 0.18046875 0.3109375 0.0296875 0.0140625
4 0.2125 0.309375 0.0265625 0.0109375
4 0.24609375 0.31171875 0.03125 0.0125
4 0.28046875 0.31171875 0.028125 0.0109375
4 0.31328125 0.31171875 0.0296875 0.0109375
4 0.34609375 0.31015625 0.03125 0.0078125
4 0.38046875 0.31015625 0.028125 0.009375
4 0.4140625 0.3109375 0.0265625 0.009375
4 0.446875 0.31015625 0.028125 0.0078125
4 0.4796875 0.309375 0.028125 0.0109375
4 0.5140625 0.30859375 0.03125 0.0125
4 0.546875 0.3078125 0.0296875 0.0109375
4 0.5796875 0.3078125 0.0328125 0.0125
4 0.909375 0.3046875 0.03125 0.0109375
4 0.87734375 0.30546875 0.028125 0.009375
4 0.84375 0.30546875 0.0296875 0.0109375
4 0.8109375 0.30546875 0.03125 0.009375
4 0.77890625 0.30625 0.028125 0.0109375
4 0.7453125 0.30625 0.03125 0.0109375
4 0.71328125 0.30625 0.0296875 0.0125
4 0.6796875 0.30625 0.03125 0.009375
4 0.64609375 0.30625 0.0296875 0.009375
4 0.61328125 0.30703125 0.03125 0.0125
1 0.52890625 0.30859375 0.796875 0.025
0 0.17890625 0.159375 0.0265625 0.00625
0 0.24453125 0.159375 0.028125 0.00625
0 0.278125 0.159375 0.0265625 0.00625
0 0.31171875 0.159375 0.0265625 0.00625
0 0.34453125 0.15859375 0.0265625 0.00625
0 0.81171875 0.15625 0.0265625 0.00625
0 0.77890625 0.15625 0.0265625 0.0078125
0 0.74453125 0.15625 0.028125 0.0078125
0 0.71171875 0.15625 0.028125 0.00625
0 0.678125 0.15625 0.028125 0.0078125
0 0.61171875 0.15546875 0.0265625 0.00625
0 0.57890625 0.15625 0.028125 0.00625
0 0.5453125 0.15625 0.028125 0.00625
0 0.478125 0.15625 0.028125 0.0078125
0 0.44453125 0.15703125 0.0296875 0.00625
0 0.41171875 0.15703125 0.0296875 0.00625
0 0.378125 0.1578125 0.0265625 0.00625
4 0.17578125 0.11171875 0.03125 0.0140625
4 0.209375 0.11171875 0.03125 0.0140625
4 0.2421875 0.11171875 0.0296875 0.0140625
4 0.2765625 0.11171875 0.028125 0.0140625
4 0.31015625 0.1109375 0.0296875 0.0125
4 0.34375 0.1109375 0.0296875 0.0125
4 0.37734375 0.11015625 0.028125 0.0125
4 0.41015625 0.11015625 0.028125 0.0125
4 0.44296875 0.11015625 0.0296875 0.0125
4 0.91328125 0.10390625 0.03125 0.0125
4 0.878125 0.10546875 0.03125 0.0140625
4 0.84609375 0.10625 0.0296875 0.0125
4 0.8125 0.10625 0.03125 0.0109375
4 0.778125 0.10625 0.03125 0.009375
2 0.14296875 0.56015625 0.03125 0.0640625
4 0.478125 0.10859375 0.0296875 0.0109375
4 0.74609375 0.10703125 0.028125 0.0109375
4 0.7125 0.10703125 0.028125 0.0109375
4 0.678125 0.10859375 0.03125 0.0109375
4 0.64453125 0.10703125 0.0296875 0.0109375
4 0.51171875 0.10859375 0.028125 0.0125
4 0.5453125 0.10859375 0.028125 0.0140625
4 0.578125 0.10703125 0.0296875 0.0109375
4 0.61171875 0.10625 0.028125 0.0109375
1 0.5296875 0.10859375 0.8125 0.0265625