0 0.6 0.2703125 0.025 0.0125
0 0.6765625 0.2703125 0.0234375 0.0125
0 0.6 0.290625 0.021875 0.0140625
0 0.678125 0.30078125 0.021875 0.0140625
0 0.6265625 0.3375 0.021875 0.0171875
0 0.62734375 0.40390625 0.025 0.0125
0 0.60234375 0.415625 0.0234375 0.0171875
0 0.60234375 0.42890625 0.0234375 0.0125
0 0.65390625 0.49375 0.021875 0.0203125
0 0.6296875 0.49765625 0.0234375 0.025
0 0.603125 0.4984375 0.025 0.0203125
0 0.678125 0.4984375 0.025 0.0140625
0 0.1265625 0.50625 0.0296875 0.0203125
2 0.0734375 0.51953125 0.0484375 0.659375
0 0.62734375 0.5890625 0.021875 0.0171875
0 0.60234375 0.59140625 0.0234375 0.021875
3 0.07421875 0.21484375 0.0359375 0.021875
3 0.0734375 0.34765625 0.0296875 0.0203125
3 0.071875 0.44921875 0.03125 0.0171875
3 0.071875 0.47265625 0.03125 0.0171875
3 0.0734375 0.50703125 0.03125 0.0203125
3 0.0734375 0.625 0.0359375 0.021875
3 0.0734375 0.53984375 0.03125 0.0171875