0 0.6 0.2703125 0.025 0.009375
0 0.6765625 0.2703125 0.0234375 0.0125
0 0.60078125 0.290625 0.021875 0.0140625
0 0.678125 0.30078125 0.021875 0.0140625
0 0.6265625 0.3375 0.021875 0.0171875
0 0.62734375 0.40390625 0.025 0.0125
0 0.60234375 0.415625 0.0234375 0.0171875
0 0.60234375 0.43046875 0.0234375 0.0125
0 0.65390625 0.49375 0.021875 0.0203125
0 0.6296875 0.49765625 0.0265625 0.025
0 0.60234375 0.49765625 0.0234375 0.0203125
0 0.67890625 0.49765625 0.0234375 0.0140625
0 0.1265625 0.50625 0.0296875 0.0203125
2 0.071875 0.51953125 0.0484375 0.6609375
0 0.62734375 0.5875 0.021875 0.0203125
0 0.60234375 0.59140625 0.0234375 0.021875
3 0.07109375 0.62265625 0.034375 0.025
3 0.07109375 0.4734375 0.03125 0.0203125
3 0.06953125 0.446875 0.0296875 0.025
3 0.07109375 0.34765625 0.03125 0.021875
3 0.071875 0.21171875 0.03125 0.0265625
3 0.071875 0.50625 0.025 0.0203125
3 0.07421875 0.53828125 0.0296875 0.0171875