4 0.20546875 0.15390625 0.021875 0.0171875
2 0.20546875 0.34609375 0.0296875 0.40625
3 0.2078125 0.359375 0.0203125 0.009375
3 0.20703125 0.334375 0.0203125 0.0125
3 0.20546875 0.2875 0.0203125 0.0125
3 0.20546875 0.26328125 0.0203125 0.009375
3 0.20546875 0.25 0.0203125 0.0078125
3 0.2046875 0.24140625 0.0203125 0.009375
4 0.23046875 0.15234375 0.021875 0.0171875
4 0.2546875 0.15390625 0.0203125 0.0171875
4 0.28125 0.15390625 0.021875 0.0203125
4 0.30625 0.15234375 0.0203125 0.0171875
4 0.33046875 0.15234375 0.021875 0.0171875
4 0.78359375 0.1515625 0.021875 0.0171875
4 0.759375 0.1515625 0.021875 0.0171875
4 0.734375 0.15234375 0.021875 0.0203125
4 0.709375 0.15234375 0.0203125 0.0171875
4 0.68515625 0.15390625 0.021875 0.0171875
4 0.66015625 0.15390625 0.021875 0.0171875
4 0.6359375 0.15234375 0.0203125 0.0171875
4 0.6109375 0.1515625 0.021875 0.0171875
4 0.584375 0.15234375 0.021875 0.0171875
4 0.55859375 0.15234375 0.0203125 0.0171875
4 0.53359375 0.1515625 0.021875 0.0171875
4 0.50859375 0.1515625 0.0203125 0.0203125
4 0.4828125 0.1515625 0.0203125 0.0171875
4 0.4578125 0.15 0.021875 0.0203125
4 0.4328125 0.1515625 0.021875 0.0203125
4 0.4078125 0.1515625 0.021875 0.0171875
4 0.38203125 0.15 0.021875 0.0171875
4 0.35546875 0.1515625 0.021875 0.0171875
1 0.49375 0.1515625 0.6109375 0.0359375
0 0.428125 0.3703125 0.0203125 0.009375
0 0.4515625 0.4375 0.0203125 0.0125
0 0.4265625 0.4375 0.021875 0.0125
0 0.453125 0.3703125 0.0203125 0.009375
0 0.2328125 0.421875 0.0203125 0.0125
0 0.25625 0.4234375 0.0171875 0.0125
0 0.328125 0.42890625 0.0203125 0.0125
0 0.37734375 0.43359375 0.0203125 0.0125
0 0.7015625 0.44453125 0.0203125 0.009375
0 0.6765625 0.44609375 0.0203125 0.0125
0 0.62734375 0.44453125 0.0203125 0.0125
0 0.603125 0.44375 0.0203125 0.0125
0 0.5765625 0.44375 0.0203125 0.0125
0 0.553125 0.44375 0.0203125 0.009375
0 0.52734375 0.44140625 0.0203125 0.009375
0 0.50234375 0.4390625 0.0203125 0.0125
0 0.478125 0.43125 0.021875 0.0140625
0 0.50390625 0.37109375 0.0203125 0.009375
0 0.55390625 0.37109375 0.0203125 0.009375
0 0.55390625 0.390625 0.0203125 0.0078125
0 0.7046875 0.36875 0.0203125 0.009375
0 0.7046875 0.3859375 0.0203125 0.0078125
0 0.6296875 0.36875 0.0203125 0.009375
0 0.4265625 0.3859375 0.0203125 0.009375
0 0.52890625 0.37109375 0.021875 0.009375
0 0.52890625 0.38671875 0.0203125 0.009375
0 0.28125 0.4234375 0.0203125 0.009375
0 0.68046875 0.36875 0.0203125 0.009375