1 0.46875 0.209375 0.875 0.0703125
2 0.06640625 0.4125 0.053125 0.3296875
3 0.06875 0.509375 0.034375 0.0296875
3 0.06875 0.45703125 0.034375 0.025
3 0.06875 0.4234375 0.03125 0.0265625
3 0.06875 0.39453125 0.034375 0.021875
3 0.06875 0.353125 0.034375 0.021875
3 0.06875 0.3734375 0.03125 0.0203125
3 0.06875 0.334375 0.03125 0.0171875
3 0.06875 0.3171875 0.034375 0.0140625
3 0.0671875 0.30546875 0.034375 0.0125
3 0.0671875 0.27734375 0.03125 0.0140625
3 0.0671875 0.2921875 0.0359375 0.0125
4 0.06484375 0.2140625 0.0359375 0.0390625
4 0.16328125 0.21640625 0.0328125 0.0359375
4 0.19609375 0.21484375 0.03125 0.0359375
4 0.228125 0.21640625 0.03125 0.0390625
4 0.2609375 0.2171875 0.0296875 0.0390625
4 0.3265625 0.21640625 0.0328125 0.0359375
4 0.3609375 0.21484375 0.0328125 0.034375
4 0.45703125 0.21640625 0.0296875 0.0359375
4 0.4890625 0.2171875 0.0296875 0.0359375
4 0.8796875 0.2171875 0.0390625 0.0359375
4 0.84765625 0.2171875 0.0265625 0.0359375
4 0.81640625 0.21640625 0.03125 0.0390625
4 0.7828125 0.21640625 0.028125 0.0390625
4 0.7515625 0.2171875 0.028125 0.0390625
4 0.71875 0.21640625 0.034375 0.0390625
4 0.6859375 0.21875 0.034375 0.0359375
4 0.65234375 0.2171875 0.03125 0.0359375
4 0.6203125 0.21484375 0.034375 0.0359375
4 0.5875 0.21484375 0.03125 0.0390625
4 0.55546875 0.21640625 0.034375 0.0359375
4 0.52265625 0.21640625 0.03125 0.0359375
4 0.3921875 0.2171875 0.0296875 0.0390625
4 0.4234375 0.21484375 0.03125 0.040625
4 0.29296875 0.2171875 0.0296875 0.0359375
4 0.12890625 0.21484375 0.03125 0.0359375
4 0.0984375 0.2140625 0.0265625 0.0390625
0 0.71640625 0.41953125 0.04375 0.021875
0 0.7546875 0.42421875 0.03125 0.025