4 0.08984375 0.02265625 0.0265625 0.03125
4 0.125 0.021875 0.03125 0.0296875
4 0.1609375 0.02265625 0.0296875 0.034375
4 0.19609375 0.021875 0.0265625 0.0296875
4 0.23203125 0.021875 0.0296875 0.0296875
4 0.2703125 0.02265625 0.0296875 0.0265625
4 0.30390625 0.02265625 0.0296875 0.0265625
4 0.33984375 0.02265625 0.0296875 0.0265625
4 0.3765625 0.021875 0.0296875 0.0296875
4 0.41328125 0.021875 0.0265625 0.0296875
4 0.921875 0.015625 0.03125 0.0296875
4 0.8859375 0.015625 0.03125 0.0296875
4 0.85 0.01953125 0.0296875 0.0265625
4 0.8140625 0.01953125 0.028125 0.0296875
4 0.7765625 0.01953125 0.03125 0.0265625
4 0.7390625 0.021875 0.03125 0.0296875
4 0.703125 0.02265625 0.0296875 0.0265625
4 0.66796875 0.02265625 0.0296875 0.0265625
4 0.63125 0.021875 0.03125 0.0296875
4 0.59375 0.02265625 0.0296875 0.0265625
4 0.5578125 0.021875 0.028125 0.0296875
4 0.5203125 0.02265625 0.03125 0.0265625
4 0.4859375 0.02265625 0.03125 0.0265625
4 0.44921875 0.02265625 0.0296875 0.0265625
1 0.50625 0.02421875 0.875 0.0453125
0 0.0890625 0.1765625 0.03125 0.0265625
0 0.125 0.1765625 0.0296875 0.025
0 0.16015625 0.17578125 0.034375 0.0265625
0 0.19453125 0.178125 0.03125 0.0203125
0 0.23203125 0.1734375 0.03125 0.0203125
0 0.2671875 0.1765625 0.0265625 0.0203125
0 0.3015625 0.17421875 0.0265625 0.0203125
0 0.446875 0.18515625 0.0265625 0.0203125
0 0.3734375 0.1859375 0.0296875 0.021875
0 0.41015625 0.19375 0.0296875 0.0171875
0 0.91484375 0.2125 0.0296875 0.0203125
0 0.8796875 0.21875 0.0296875 0.025
0 0.84375 0.21171875 0.0296875 0.021875
0 0.8078125 0.2171875 0.03125 0.0265625
0 0.7359375 0.19375 0.028125 0.021875
0 0.66328125 0.19375 0.028125 0.021875
0 0.69921875 0.196875 0.03125 0.025
0 0.5921875 0.1515625 0.028125 0.0203125
0 0.521875 0.15234375 0.025 0.021875
4 0.1 0.5578125 0.028125 0.028125
4 0.134375 0.55859375 0.03125 0.0296875
4 0.171875 0.55546875 0.03125 0.028125
4 0.20703125 0.55625 0.0296875 0.034375
4 0.24140625 0.5515625 0.034375 0.028125
4 0.2796875 0.5515625 0.0328125 0.028125
4 0.31640625 0.5515625 0.0296875 0.0265625
4 0.35 0.55078125 0.03125 0.0296875
4 0.92890625 0.53984375 0.03125 0.0234375
4 0.89296875 0.5375 0.034375 0.028125
4 0.85703125 0.540625 0.03125 0.028125
4 0.82109375 0.540625 0.0296875 0.028125
4 0.78515625 0.53828125 0.034375 0.03125
4 0.7515625 0.53984375 0.028125 0.03125
4 0.7140625 0.5421875 0.03125 0.0265625
4 0.6765625 0.540625 0.03125 0.028125
4 0.640625 0.54296875 0.03125 0.0296875
4 0.6046875 0.54296875 0.028125 0.0296875
4 0.5671875 0.5453125 0.028125 0.025
4 0.53125 0.5453125 0.0296875 0.028125
4 0.4953125 0.546875 0.0296875 0.0265625
4 0.46015625 0.546875 0.0296875 0.03125
4 0.4234375 0.54921875 0.03125 0.0265625
4 0.38671875 0.55078125 0.0296875 0.0265625
1 0.5140625 0.5484375 0.8703125 0.059375
0 0.10078125 0.68359375 0.0296875 0.0171875
0 0.134375 0.67890625 0.0296875 0.0171875
0 0.240625 0.7234375 0.03125 0.0203125
0 0.27890625 0.728125 0.0265625 0.0171875
0 0.31484375 0.7234375 0.0296875 0.0234375
0 0.35 0.71640625 0.0234375 0.025
0 0.38671875 0.72109375 0.0296875 0.0203125
0 0.67421875 0.7125 0.0265625 0.0265625
0 0.74609375 0.7203125 0.034375 0.028125
0 0.78359375 0.7125 0.028125 0.028125
0 0.81953125 0.6765625 0.03125 0.021875
0 0.8546875 0.6875 0.0265625 0.0203125
0 0.8921875 0.6734375 0.0296875 0.025
0 0.9265625 0.67578125 0.03125 0.025
0 0.4953125 0.71875 0.0296875 0.021875
0 0.4578125 0.71640625 0.0265625 0.021875
0 0.42421875 0.7171875 0.0296875 0.025