4 0.1828125 0.0484375 0.0203125 0.0171875
4 0.23203125 0.0453125 0.021875 0.0171875
4 0.25703125 0.0453125 0.021875 0.0171875
4 0.2828125 0.0484375 0.021875 0.021875
4 0.3078125 0.046875 0.021875 0.0203125
4 0.334375 0.046875 0.0234375 0.021875
4 0.3578125 0.0484375 0.0203125 0.0203125
4 0.38203125 0.0453125 0.021875 0.021875
4 0.7609375 0.0484375 0.0203125 0.0171875
4 0.73671875 0.0484375 0.021875 0.0171875
4 0.71171875 0.0484375 0.0234375 0.0171875
4 0.6859375 0.04921875 0.025 0.0203125
4 0.6609375 0.0484375 0.0203125 0.0203125
4 0.6109375 0.04921875 0.0203125 0.021875
4 0.58671875 0.04921875 0.021875 0.0203125
4 0.56015625 0.0484375 0.021875 0.0203125
4 0.53515625 0.046875 0.025 0.021875
4 0.50859375 0.0453125 0.021875 0.0203125
4 0.4828125 0.0453125 0.021875 0.021875
4 0.4578125 0.046875 0.021875 0.021875
4 0.43359375 0.046875 0.021875 0.021875
4 0.40859375 0.046875 0.025 0.021875
4 0.20703125 0.046875 0.021875 0.0203125
4 0.6359375 0.0484375 0.0234375 0.0203125
1 0.1828125 0.31953125 0.0265625 0.571875
3 0.1828125 0.35 0.0171875 0.0125
3 0.1828125 0.375 0.0203125 0.0125
3 0.18359375 0.478125 0.0171875 0.0140625
3 0.1828125 0.2703125 0.0203125 0.0125
3 0.1828125 0.225 0.0171875 0.009375
3 0.1828125 0.21171875 0.0203125 0.009375
3 0.18359375 0.52421875 0.0203125 0.028125
3 0.1828125 0.3234375 0.0203125 0.021875
0 0.20703125 0.2640625 0.0203125 0.0125
0 0.25703125 0.2640625 0.0203125 0.0125
0 0.30625 0.265625 0.0203125 0.0125
0 0.38359375 0.2671875 0.0203125 0.0125
0 0.709375 0.265625 0.021875 0.0140625
0 0.6859375 0.26796875 0.021875 0.0140625
0 0.6625 0.26953125 0.021875 0.0171875
0 0.5359375 0.26796875 0.0265625 0.0140625
0 0.5609375 0.26953125 0.021875 0.0171875
0 0.58671875 0.26953125 0.0234375 0.0171875
0 0.61328125 0.26953125 0.025 0.0171875
0 0.4078125 0.26796875 0.021875 0.0203125
0 0.4328125 0.26953125 0.021875 0.0171875
0 0.459375 0.26796875 0.021875 0.0140625
0 0.484375 0.26796875 0.021875 0.0140625
0 0.2078125 0.4328125 0.0203125 0.0125
0 0.209375 0.44609375 0.0203125 0.0125
0 0.25703125 0.43125 0.0203125 0.0125
0 0.25703125 0.44375 0.0203125 0.0125
0 0.30625 0.43359375 0.0171875 0.0140625
0 0.30625 0.446875 0.0171875 0.0125
0 0.72734375 0.43125 0.0203125 0.0125
0 0.72734375 0.4171875 0.0203125 0.0140625
0 0.7046875 0.41953125 0.0171875 0.0140625
0 0.7046875 0.4328125 0.0171875 0.0125
0 0.60703125 0.509375 0.0203125 0.0203125
0 0.68046875 0.41953125 0.021875 0.0140625
0 0.68046875 0.43359375 0.021875 0.0125
0 0.6578125 0.4234375 0.0203125 0.0140625
0 0.65625 0.4359375 0.0203125 0.0125
0 0.6078125 0.43984375 0.021875 0.0125
0 0.6078125 0.4265625 0.021875 0.0125
0 0.56015625 0.4421875 0.0203125 0.0125
0 0.56015625 0.43046875 0.0203125 0.0125
0 0.584375 0.4265625 0.0203125 0.0140625
0 0.58515625 0.43984375 0.021875 0.0125
0 0.35703125 0.2640625 0.0203125 0.009375
0 0.4328125 0.43359375 0.025 0.0140625
0 0.4328125 0.446875 0.021875 0.009375
0 0.53515625 0.43125 0.021875 0.0140625
0 0.53515625 0.44453125 0.025 0.0140625
0 0.459375 0.4328125 0.025 0.0171875
0 0.459375 0.446875 0.025 0.0125
0 0.2796875 0.4328125 0.021875 0.0140625
0 0.2796875 0.44609375 0.0203125 0.0125
1 0.4703125 0.046875 0.60625 0.034375
0 0.38125 0.43359375 0.0234375 0.0140625
0 0.3796875 0.44921875 0.0234375 0.0140625
0 0.4078125 0.43359375 0.021875 0.0140625
0 0.4078125 0.44921875 0.0234375 0.0140625