4 0.18828125 0.1390625 0.0296875 0.0125
4 0.22109375 0.13984375 0.0296875 0.0140625
4 0.953125 0.140625 0.028125 0.0125
4 0.9203125 0.13984375 0.028125 0.0125
4 0.653125 0.14140625 0.028125 0.0125
4 0.61875 0.14140625 0.0296875 0.0125
4 0.5859375 0.14140625 0.028125 0.0125
4 0.553125 0.140625 0.028125 0.0125
3 0.1875 0.19140625 0.028125 0.009375
3 0.18828125 0.17109375 0.028125 0.00625
3 0.18828125 0.16171875 0.0265625 0.0046875
3 0.1890625 0.15703125 0.028125 0.0046875
3 0.1890625 0.153125 0.0265625 0.003125
4 0.8859375 0.13984375 0.0296875 0.0140625
4 0.78671875 0.14375 0.028125 0.0109375
4 0.8203125 0.14296875 0.03125 0.0109375
4 0.85546875 0.140625 0.0296875 0.0140625
4 0.71875 0.14296875 0.03125 0.0109375
4 0.753125 0.1421875 0.03125 0.0140625
4 0.68515625 0.14296875 0.028125 0.0125
0 0.88515625 0.17421875 0.028125 0.0078125
0 0.85234375 0.17421875 0.0296875 0.0078125
0 0.81875 0.1734375 0.0296875 0.0078125
0 0.78515625 0.17421875 0.0296875 0.0078125
0 0.7515625 0.17421875 0.0296875 0.00625
0 0.71796875 0.17421875 0.028125 0.00625
0 0.68515625 0.1734375 0.028125 0.00625
0 0.6515625 0.171875 0.028125 0.0109375
4 0.51796875 0.13984375 0.028125 0.0125
4 0.253125 0.14140625 0.0265625 0.0125
4 0.2859375 0.14140625 0.0296875 0.0140625
4 0.31875 0.140625 0.025 0.0109375
4 0.3515625 0.1421875 0.028125 0.0125
4 0.38515625 0.14140625 0.0265625 0.0125
4 0.41796875 0.1421875 0.028125 0.0125
4 0.45 0.1421875 0.025 0.0109375
4 0.48515625 0.1421875 0.028125 0.0125
1 0.56796875 0.1390625 0.80625 0.025
0 0.61796875 0.17265625 0.028125 0.009375
0 0.584375 0.1734375 0.0296875 0.0078125
0 0.55078125 0.1734375 0.028125 0.0078125
0 0.5171875 0.17421875 0.028125 0.0078125
0 0.48359375 0.1734375 0.0296875 0.0078125
0 0.44921875 0.1734375 0.0296875 0.0078125
0 0.4171875 0.1734375 0.0296875 0.0078125
0 0.38359375 0.1734375 0.0296875 0.0078125
0 0.35 0.1734375 0.0296875 0.0078125
0 0.31796875 0.1734375 0.028125 0.0078125
0 0.28515625 0.1734375 0.028125 0.0078125
0 0.253125 0.17265625 0.0265625 0.00625
0 0.22109375 0.17265625 0.028125 0.00625
3 0.17421875 0.3875 0.028125 0.0078125
3 0.17421875 0.3671875 0.028125 0.00625
3 0.17421875 0.35859375 0.025 0.0046875
3 0.17421875 0.353125 0.025 0.003125
3 0.175 0.34921875 0.025 0.0015625
3 0.17421875 0.35078125 0.0265625 0.0015625
4 0.17265625 0.3375 0.0328125 0.0140625
0 0.20703125 0.36796875 0.0265625 0.00625
4 0.20546875 0.3375 0.028125 0.0140625
4 0.2390625 0.3375 0.0296875 0.0140625
0 0.27265625 0.36796875 0.028125 0.00625
0 0.30546875 0.3671875 0.028125 0.00625
0 0.33828125 0.36796875 0.0296875 0.00625
0 0.87265625 0.36484375 0.028125 0.00625
0 0.8046875 0.36484375 0.0296875 0.00625
0 0.83828125 0.36484375 0.0296875 0.0078125
0 0.771875 0.365625 0.0296875 0.0078125
0 0.7390625 0.365625 0.0296875 0.0078125
0 0.7046875 0.36640625 0.0296875 0.00625
0 0.6390625 0.36640625 0.0296875 0.00625
0 0.60546875 0.36640625 0.0296875 0.0078125
0 0.57109375 0.3671875 0.03125 0.0078125
0 0.5375 0.36640625 0.0296875 0.0078125
0 0.5046875 0.3671875 0.03125 0.0078125
0 0.47109375 0.3671875 0.03125 0.0078125
0 0.4046875 0.3671875 0.03125 0.0078125
0 0.4375 0.3671875 0.03125 0.00625
0 0.37109375 0.3671875 0.028125 0.0078125
4 0.3046875 0.33828125 0.0296875 0.0140625
4 0.2734375 0.3390625 0.0296875 0.0140625
4 0.3375 0.3390625 0.0296875 0.0125
4 0.9375 0.3328125 0.0359375 0.0140625
4 0.90625 0.33359375 0.028125 0.0140625
4 0.36953125 0.340625 0.028125 0.0125
4 0.40390625 0.3390625 0.03125 0.0109375
4 0.4375 0.3390625 0.0296875 0.0140625
4 0.46953125 0.3390625 0.028125 0.0125
4 0.7390625 0.3375 0.0265625 0.0125
4 0.77109375 0.3375 0.028125 0.0125
4 0.8046875 0.33671875 0.028125 0.0125
4 0.83828125 0.33671875 0.03125 0.0140625
4 0.87265625 0.33515625 0.0296875 0.015625
4 0.70546875 0.3375 0.0296875 0.0140625
4 0.6734375 0.3375 0.0296875 0.0125
4 0.6390625 0.33515625 0.03125 0.0140625
4 0.60546875 0.3359375 0.03125 0.0140625
4 0.57265625 0.33671875 0.0296875 0.0140625
4 0.5390625 0.33671875 0.0328125 0.0140625
4 0.5046875 0.33828125 0.03125 0.0140625
1 0.559375 0.33671875 0.815625 0.0234375
2 0.17421875 0.37109375 0.0328125 0.053125
2 0.1875 0.175 0.034375 0.05