4 0.31015625 0.1453125 0.021875 0.0171875
4 0.3328125 0.14453125 0.0234375 0.0171875
4 0.35546875 0.14453125 0.025 0.0171875
4 0.3796875 0.1421875 0.0234375 0.0203125
4 0.4234375 0.1421875 0.025 0.0203125
4 0.446875 0.1390625 0.021875 0.0203125
4 0.4703125 0.13828125 0.021875 0.0171875
4 0.49296875 0.1359375 0.021875 0.0203125
4 0.5171875 0.1359375 0.025 0.0203125
4 0.540625 0.1359375 0.021875 0.021875
4 0.5625 0.13359375 0.021875 0.021875
4 0.58515625 0.13359375 0.0234375 0.021875
4 0.74375 0.1234375 0.021875 0.021875
4 0.72265625 0.1234375 0.025 0.021875
4 0.6984375 0.1265625 0.0234375 0.021875
4 0.67578125 0.12734375 0.025 0.0203125
4 0.65390625 0.12734375 0.021875 0.021875
4 0.63125 0.1296875 0.025 0.021875
4 0.6078125 0.13203125 0.021875 0.021875
1 0.5265625 0.13125 0.4765625 0.05625
2 0.43046875 0.26953125 0.0484375 0.21875
3 0.42890625 0.22265625 0.021875 0.0125
3 0.4328125 0.271875 0.025 0.0125
3 0.43359375 0.359375 0.0265625 0.0171875
3 0.428125 0.20546875 0.025 0.009375
3 0.4265625 0.18125 0.025 0.0140625
3 0.4265625 0.1703125 0.025 0.0078125