4 0.28359375 0.103125 0.0265625 0.021875
4 0.31015625 0.103125 0.0234375 0.021875
4 0.33671875 0.10078125 0.0234375 0.0203125
4 0.36328125 0.10078125 0.025 0.0203125
4 0.4125 0.1 0.0265625 0.021875
4 0.771875 0.078125 0.025 0.021875
4 0.74609375 0.08046875 0.0265625 0.021875
4 0.72109375 0.08203125 0.0265625 0.021875
4 0.69453125 0.0828125 0.0234375 0.025
4 0.66953125 0.084375 0.0265625 0.021875
4 0.64453125 0.08515625 0.025 0.021875
4 0.61875 0.0875 0.0265625 0.021875
4 0.5921875 0.0890625 0.025 0.021875
4 0.5671875 0.08984375 0.0234375 0.021875
4 0.540625 0.09140625 0.025 0.021875
4 0.5171875 0.0921875 0.025 0.021875
4 0.490625 0.09375 0.0265625 0.021875
4 0.46484375 0.0953125 0.025 0.021875
4 0.43984375 0.09609375 0.025 0.025
3 0.41796875 0.1921875 0.025 0.0140625
3 0.415625 0.1703125 0.025 0.0140625
3 0.41953125 0.24609375 0.025 0.0140625
3 0.415625 0.146875 0.025 0.0125
1 0.5265625 0.09140625 0.534375 0.053125
2 0.41796875 0.19375 0.040625 0.1421875