4 0.21015625 0.0453125 0.0265625 0.021875
4 0.2359375 0.046875 0.025 0.0203125
4 0.259375 0.0484375 0.025 0.0203125
4 0.28515625 0.0484375 0.025 0.0171875
4 0.31015625 0.046875 0.0234375 0.0203125
4 0.33515625 0.0453125 0.0234375 0.0203125
4 0.359375 0.04453125 0.025 0.0203125
4 0.384375 0.04453125 0.0234375 0.0203125
4 0.4109375 0.04296875 0.0234375 0.021875
4 0.43515625 0.04296875 0.025 0.021875
4 0.46171875 0.04296875 0.025 0.021875
4 0.7875 0.05078125 0.025 0.0171875
4 0.76171875 0.04921875 0.025 0.0203125
4 0.73671875 0.0484375 0.025 0.025
4 0.7125 0.05078125 0.025 0.021875
4 0.6875 0.05078125 0.025 0.0203125
4 0.6609375 0.04921875 0.0234375 0.021875
4 0.63671875 0.0484375 0.021875 0.0203125
4 0.61328125 0.0484375 0.025 0.0203125
4 0.58671875 0.0453125 0.0234375 0.0203125
4 0.5625 0.0453125 0.021875 0.021875
4 0.5375 0.04453125 0.025 0.0203125
4 0.5109375 0.04453125 0.0234375 0.021875
4 0.4859375 0.04453125 0.025 0.0203125
2 0.21015625 0.32578125 0.034375 0.521875
3 0.21015625 0.11171875 0.025 0.009375
3 0.21015625 0.08671875 0.021875 0.00625
3 0.21015625 0.09609375 0.025 0.00625
3 0.21015625 0.1390625 0.025 0.0078125
3 0.21171875 0.18984375 0.025 0.009375
3 0.21171875 0.17890625 0.025 0.009375
3 0.21015625 0.22265625 0.021875 0.009375
3 0.21015625 0.2328125 0.025 0.0125
3 0.21171875 0.2828125 0.0265625 0.0171875
3 0.21015625 0.33203125 0.025 0.0140625
3 0.21015625 0.08203125 0.025 0.0046875
3 0.21015625 0.07578125 0.025 0.003125
3 0.21171875 0.0671875 0.021875 0.0046875
3 0.21015625 0.071875 0.025 0.0046875
0 0.2359375 0.39921875 0.0265625 0.0140625
0 0.234375 0.22578125 0.021875 0.009375
0 0.2609375 0.22578125 0.0203125 0.009375
0 0.28515625 0.22578125 0.021875 0.009375
0 0.4359375 0.225 0.025 0.009375
0 0.4359375 0.240625 0.025 0.009375
0 0.46171875 0.2234375 0.021875 0.009375
0 0.48671875 0.22265625 0.025 0.0078125
0 0.51171875 0.2234375 0.025 0.009375
0 0.5375 0.225 0.021875 0.009375
0 0.5625 0.225 0.021875 0.009375
0 0.7359375 0.23046875 0.025 0.0078125
0 0.71015625 0.23046875 0.0234375 0.009375
0 0.68515625 0.2296875 0.021875 0.009375
0 0.63671875 0.228125 0.021875 0.009375
0 0.61171875 0.228125 0.025 0.009375
0 0.58671875 0.22578125 0.0234375 0.009375
0 0.61171875 0.24296875 0.021875 0.009375
0 0.6359375 0.24296875 0.021875 0.009375
0 0.5640625 0.38671875 0.025 0.0125
0 0.5640625 0.4015625 0.025 0.0140625
0 0.5875 0.38671875 0.021875 0.0125
0 0.5875 0.4 0.021875 0.0140625
0 0.61328125 0.3859375 0.021875 0.0125
0 0.61328125 0.39921875 0.021875 0.0125
0 0.6359375 0.38671875 0.0234375 0.0125
0 0.63671875 0.4 0.021875 0.0140625
0 0.7359375 0.3890625 0.021875 0.0125
0 0.73671875 0.40234375 0.021875 0.0140625
0 0.6859375 0.38828125 0.025 0.0140625
0 0.68515625 0.40234375 0.025 0.0140625
0 0.71171875 0.3890625 0.0234375 0.0171875
0 0.71171875 0.4046875 0.0234375 0.0171875
0 0.4359375 0.3953125 0.021875 0.0140625
0 0.43515625 0.38359375 0.025 0.0125
0 0.4859375 0.38203125 0.025 0.0140625
0 0.48671875 0.39765625 0.025 0.0140625
0 0.51171875 0.384375 0.025 0.0140625
0 0.51328125 0.39921875 0.025 0.0140625
0 0.2859375 0.38671875 0.0234375 0.0140625
0 0.28515625 0.4 0.025 0.0140625
0 0.334375 0.384375 0.0234375 0.0140625
0 0.334375 0.39921875 0.0234375 0.0140625
0 0.3859375 0.384375 0.0234375 0.0140625
0 0.3859375 0.39921875 0.0265625 0.0140625
0 0.31015625 0.3859375 0.021875 0.0140625
0 0.31015625 0.39921875 0.021875 0.0171875
0 0.4109375 0.384375 0.0234375 0.0140625
0 0.4109375 0.4 0.0234375 0.0125
0 0.46171875 0.38203125 0.021875 0.0140625
0 0.46171875 0.39765625 0.021875 0.0171875
0 0.384375 0.2234375 0.0234375 0.0125
0 0.334375 0.2234375 0.021875 0.009375
0 0.7609375 0.57578125 0.028125 0.025
0 0.734375 0.48828125 0.025 0.0171875
0 0.734375 0.57421875 0.021875 0.025
0 0.71015625 0.5765625 0.0234375 0.021875
0 0.23203125 0.57109375 0.025 0.021875
0 0.28359375 0.5734375 0.0234375 0.0203125
0 0.30859375 0.57109375 0.021875 0.021875
0 0.3578125 0.57109375 0.0234375 0.021875
0 0.4078125 0.57109375 0.0265625 0.0203125
0 0.3328125 0.57109375 0.0234375 0.0203125
0 0.68515625 0.48671875 0.021875 0.0140625
0 0.58671875 0.56953125 0.021875 0.021875
0 0.38359375 0.56953125 0.021875 0.021875
0 0.53984375 0.57109375 0.0234375 0.0203125
0 0.5640625 0.57109375 0.021875 0.0203125
0 0.6875 0.5765625 0.021875 0.0203125
0 0.66328125 0.5765625 0.0234375 0.0203125
0 0.61171875 0.571875 0.025 0.0203125
0 0.63828125 0.571875 0.025 0.0265625
0 0.2359375 0.484375 0.021875 0.0140625
0 0.30859375 0.48203125 0.021875 0.0171875
0 0.25859375 0.484375 0.021875 0.0171875
0 0.25703125 0.57109375 0.0265625 0.0234375
0 0.43515625 0.57109375 0.0265625 0.021875
0 0.51328125 0.56953125 0.0265625 0.0203125
0 0.48671875 0.57109375 0.0265625 0.021875
0 0.46171875 0.57109375 0.025 0.021875
0 0.359375 0.48203125 0.025 0.0140625
0 0.6359375 0.484375 0.0234375 0.0140625
0 0.5375 0.4828125 0.021875 0.0140625
0 0.48671875 0.48046875 0.025 0.0171875
0 0.259375 0.4015625 0.021875 0.0125
0 0.2609375 0.38828125 0.021875 0.0125
0 0.759375 0.540625 0.028125 0.028125
1 0.4984375 0.0453125 0.6109375 0.040625