1 0.4859375 0.109375 0.8875 0.053125
2 0.06640625 0.30546875 0.0484375 0.3171875
0 0.109375 0.3453125 0.0390625 0.0265625
0 0.14765625 0.3453125 0.0375 0.0265625
0 0.65859375 0.34765625 0.0359375 0.0296875
0 0.69921875 0.3484375 0.0390625 0.0234375
0 0.82109375 0.3484375 0.0390625 0.0265625
0 0.90234375 0.3484375 0.0390625 0.0265625
0 0.5796875 0.35 0.0390625 0.0234375
0 0.8609375 0.35 0.0390625 0.0234375
0 0.6203125 0.35 0.0390625 0.0265625
0 0.7390625 0.384375 0.040625 0.0234375
0 0.78125 0.3859375 0.0390625 0.0265625
1 0.5046875 0.6984375 0.7328125 0.0546875
2 0.16015625 0.86484375 0.0453125 0.2703125
2 0.2 0.86484375 0.04375 0.2703125
0 0.240625 0.9109375 0.0359375 0.0265625
0 0.27890625 0.9109375 0.0390625 0.0296875
0 0.31875 0.9125 0.0359375 0.0296875
0 0.39921875 0.91484375 0.0359375 0.0296875
0 0.359375 0.91484375 0.040625 0.025
3 0.0671875 0.21015625 0.0359375 0.0296875
3 0.0671875 0.3546875 0.0359375 0.0203125
3 0.0671875 0.29296875 0.034375 0.0171875
3 0.0671875 0.25625 0.03125 0.0171875
3 0.15859375 0.78828125 0.0359375 0.021875
3 0.19921875 0.7875 0.034375 0.0296875
3 0.15859375 0.86328125 0.0359375 0.0203125
3 0.20078125 0.865625 0.0359375 0.0171875
3 0.16015625 0.91796875 0.0359375 0.025
3 0.20078125 0.9203125 0.0359375 0.021875
4 0.06484375 0.10703125 0.0375 0.034375
4 0.1046875 0.10703125 0.034375 0.03125
4 0.14296875 0.10703125 0.0359375 0.03125
4 0.18359375 0.10703125 0.034375 0.0296875
4 0.225 0.10546875 0.0359375 0.0296875
4 0.2640625 0.1046875 0.0359375 0.0296875
4 0.30546875 0.10703125 0.0359375 0.03125
4 0.3453125 0.10703125 0.0328125 0.03125
4 0.384375 0.10703125 0.0359375 0.0265625
4 0.4234375 0.10703125 0.0390625 0.03125
4 0.4640625 0.10703125 0.0359375 0.03125
4 0.5046875 0.1078125 0.0390625 0.034375
4 0.5453125 0.1078125 0.034375 0.034375
4 0.58515625 0.1078125 0.034375 0.03125
4 0.625 0.1078125 0.0359375 0.03125
4 0.66328125 0.10703125 0.0390625 0.0359375
4 0.7046875 0.109375 0.034375 0.034375
4 0.74375 0.10703125 0.0390625 0.03125
4 0.78359375 0.109375 0.0359375 0.0359375
4 0.8234375 0.1078125 0.0359375 0.03125
4 0.8640625 0.1078125 0.0390625 0.034375
4 0.9046875 0.109375 0.0390625 0.034375
4 0.16015625 0.69609375 0.0359375 0.034375
4 0.19921875 0.6984375 0.040625 0.034375
4 0.240625 0.6984375 0.0390625 0.034375
4 0.2796875 0.696875 0.0359375 0.03125
4 0.31875 0.6984375 0.0359375 0.03125
4 0.3578125 0.696875 0.0359375 0.03125
4 0.39921875 0.6984375 0.0390625 0.03125
4 0.43984375 0.6984375 0.0359375 0.03125
4 0.4796875 0.6984375 0.0359375 0.03125
4 0.5203125 0.69921875 0.0359375 0.03125
4 0.55859375 0.69921875 0.034375 0.0296875
4 0.6 0.6984375 0.034375 0.028125
4 0.6390625 0.69921875 0.034375 0.0296875
4 0.71875 0.703125 0.0359375 0.034375
4 0.759375 0.703125 0.0359375 0.034375
4 0.8390625 0.703125 0.0359375 0.0296875
3 0.0671875 0.44375 0.0359375 0.0265625
3 0.0671875 0.4171875 0.0390625 0.021875
3 0.0671875 0.39296875 0.0390625 0.021875
3 0.06875 0.37265625 0.0359375 0.0171875
3 0.0671875 0.3125 0.034375 0.0125
3 0.0671875 0.328125 0.0359375 0.0171875
3 0.15859375 0.83203125 0.0328125 0.0265625
3 0.19921875 0.834375 0.034375 0.021875
3 0.20078125 0.9390625 0.0359375 0.0140625
3 0.2015625 0.95703125 0.0328125 0.0171875
3 0.20078125 0.97734375 0.03125 0.0203125
3 0.15859375 0.9546875 0.0359375 0.0171875
3 0.16015625 0.9390625 0.0359375 0.0140625