2 0.20703125 0.68125 0.0453125 0.3640625
3 0.21015625 0.834375 0.034375 0.0125
3 0.21171875 0.79921875 0.03125 0.0125
3 0.2125 0.7703125 0.0265625 0.0125
3 0.21015625 0.74765625 0.0296875 0.009375
3 0.21171875 0.7296875 0.0296875 0.0125
3 0.21015625 0.70546875 0.0296875 0.009375
3 0.21015625 0.68046875 0.0296875 0.009375
3 0.209375 0.66484375 0.0296875 0.0125
3 0.209375 0.62265625 0.0296875 0.0125
3 0.209375 0.60703125 0.0296875 0.0125
3 0.2078125 0.58046875 0.0296875 0.0125
3 0.2078125 0.56875 0.0296875 0.0125
4 0.20546875 0.515625 0.0390625 0.0171875
4 0.240625 0.5171875 0.034375 0.0125
4 0.27421875 0.5171875 0.0296875 0.0125
4 0.30625 0.515625 0.03125 0.0125
4 0.3390625 0.515625 0.03125 0.0125
4 0.37265625 0.515625 0.03125 0.0125
4 0.4046875 0.515625 0.03125 0.0140625
4 0.96875 0.5109375 0.034375 0.0125
4 0.93359375 0.51171875 0.03125 0.0125
4 0.9015625 0.51171875 0.03125 0.0125
4 0.86875 0.51328125 0.03125 0.0125
4 0.83515625 0.51328125 0.0359375 0.0140625
4 0.8015625 0.51171875 0.03125 0.0140625
4 0.7703125 0.5140625 0.03125 0.0125
4 0.73671875 0.51328125 0.034375 0.0140625
4 0.7046875 0.51171875 0.034375 0.0171875
4 0.6703125 0.5140625 0.034375 0.0125
4 0.63671875 0.5140625 0.034375 0.0125
4 0.4375 0.5140625 0.034375 0.0140625
4 0.47109375 0.51328125 0.034375 0.0140625
4 0.5046875 0.5140625 0.03125 0.0140625
4 0.53828125 0.5140625 0.03125 0.0140625
4 0.57109375 0.51328125 0.03125 0.0171875
4 0.6046875 0.51328125 0.034375 0.0125
1 0.58515625 0.51328125 0.815625 0.03125
0 0.2453125 0.7546875 0.03125 0.0125
0 0.27734375 0.7546875 0.0296875 0.0125
0 0.31015625 0.7546875 0.0296875 0.0125
0 0.44140625 0.75390625 0.03125 0.0125
0 0.40859375 0.75390625 0.03125 0.0125
0 0.3765625 0.75390625 0.03125 0.0125
0 0.50625 0.75234375 0.03125 0.0125
0 0.53984375 0.7515625 0.028125 0.0125
0 0.571875 0.7515625 0.028125 0.0125
0 0.6046875 0.7515625 0.028125 0.0125
0 0.63671875 0.7515625 0.0296875 0.0125
0 0.66953125 0.7515625 0.03125 0.0125
0 0.7015625 0.75234375 0.028125 0.0125
0 0.9015625 0.7546875 0.03125 0.009375
0 0.86796875 0.75390625 0.03125 0.0125
0 0.834375 0.75390625 0.03125 0.0125
0 0.8015625 0.75390625 0.03125 0.0125
0 0.76796875 0.75234375 0.03125 0.0125
0 0.734375 0.75234375 0.03125 0.0125
0 0.2453125 0.73046875 0.0296875 0.009375
0 0.2765625 0.7296875 0.0296875 0.0125
0 0.86796875 0.7296875 0.03125 0.009375
0 0.834375 0.728125 0.0296875 0.0125
0 0.8015625 0.728125 0.03125 0.0125
0 0.76796875 0.72734375 0.034375 0.009375
0 0.734375 0.72734375 0.03125 0.009375
0 0.7015625 0.72734375 0.028125 0.009375
0 0.66953125 0.72734375 0.03125 0.0125
0 0.63671875 0.72734375 0.03125 0.009375
0 0.6046875 0.72734375 0.028125 0.0125
0 0.44140625 0.728125 0.0296875 0.009375
0 0.50625 0.72734375 0.028125 0.009375
0 0.571875 0.72734375 0.028125 0.009375
0 0.53828125 0.72734375 0.03125 0.009375
0 0.30859375 0.7296875 0.03125 0.009375
0 0.34375 0.7296875 0.03125 0.0125
0 0.4078125 0.728125 0.03125 0.009375
0 0.375 0.7296875 0.03125 0.0125
0 0.3421875 0.75390625 0.03125 0.0125
0 0.43984375 0.70546875 0.0296875 0.0078125
0 0.40859375 0.70546875 0.0296875 0.009375
0 0.86796875 0.70703125 0.0296875 0.0078125
0 0.834375 0.70703125 0.0296875 0.0078125
0 0.8015625 0.70703125 0.0296875 0.0078125
0 0.76953125 0.70703125 0.0296875 0.009375
0 0.66953125 0.70546875 0.028125 0.009375
0 0.603125 0.70546875 0.028125 0.009375
0 0.57109375 0.70546875 0.028125 0.0078125
0 0.53984375 0.70546875 0.028125 0.009375
0 0.63828125 0.70546875 0.03125 0.009375
0 0.5046875 0.70546875 0.03125 0.009375
0 0.375 0.70703125 0.0296875 0.0078125
0 0.34140625 0.7078125 0.03125 0.009375
0 0.2765625 0.709375 0.0265625 0.0078125
0 0.30859375 0.709375 0.0296875 0.0125
0 0.7359375 0.70546875 0.028125 0.0125
0 0.5046875 0.76953125 0.0296875 0.0125
0 0.53828125 0.76796875 0.0265625 0.0125
0 0.571875 0.76953125 0.028125 0.0125
0 0.86875 0.7703125 0.03125 0.0125
0 0.803125 0.7703125 0.03125 0.0125
0 0.83515625 0.7703125 0.0296875 0.0125
0 0.3421875 0.7703125 0.0296875 0.0125
0 0.375 0.7703125 0.03125 0.0125
0 0.44140625 0.76953125 0.0296875 0.009375
0 0.40859375 0.76953125 0.0296875 0.0125
0 0.2765625 0.771875 0.0234375 0.009375
0 0.3109375 0.7703125 0.0265625 0.0125
0 0.6046875 0.76953125 0.028125 0.0125
0 0.70078125 0.76953125 0.028125 0.009375
0 0.734375 0.76953125 0.0296875 0.009375
0 0.76796875 0.7703125 0.03125 0.0125
0 0.66796875 0.76953125 0.0296875 0.009375
0 0.2453125 0.771875 0.0296875 0.0125
0 0.70078125 0.78828125 0.028125 0.0125
0 0.7359375 0.78125 0.0265625 0.009375
0 0.571875 0.7796875 0.028125 0.0078125
0 0.6046875 0.7796875 0.028125 0.0078125
0 0.66953125 0.7796875 0.028125 0.009375
0 0.803125 0.78125 0.03125 0.009375
0 0.7671875 0.7796875 0.028125 0.0078125
0 0.83515625 0.78125 0.0296875 0.009375
0 0.86875 0.7828125 0.03125 0.009375
0 0.90234375 0.7703125 0.0296875 0.0125
0 0.53828125 0.77890625 0.028125 0.009375
0 0.50625 0.7796875 0.028125 0.0125
2 0.17421875 0.2828125 0.040625 0.3734375
0 0.40859375 0.7796875 0.0296875 0.0078125
0 0.44140625 0.7796875 0.0296875 0.0078125
0 0.3765625 0.78125 0.0328125 0.009375
0 0.34375 0.78125 0.0296875 0.009375
0 0.2765625 0.7828125 0.0265625 0.0078125
0 0.3109375 0.78125 0.0265625 0.009375
3 0.1765625 0.44921875 0.0296875 0.0125
3 0.178125 0.41796875 0.0296875 0.0140625
3 0.17578125 0.390625 0.0296875 0.0125
3 0.17421875 0.36875 0.0296875 0.0125
3 0.17421875 0.33984375 0.0265625 0.0125
3 0.1734375 0.3109375 0.0296875 0.0125
3 0.1734375 0.2921875 0.0265625 0.0125
3 0.1734375 0.2390625 0.0265625 0.0171875
3 0.171875 0.2203125 0.0296875 0.0171875
3 0.171875 0.18984375 0.0296875 0.021875
3 0.1734375 0.17421875 0.0296875 0.0125
4 0.17421875 0.10546875 0.0328125 0.0171875
4 0.2078125 0.10546875 0.03125 0.0140625
4 0.24296875 0.10703125 0.0265625 0.0125
4 0.275 0.10703125 0.0296875 0.0140625
4 0.3078125 0.10703125 0.0265625 0.0140625
4 0.875 0.10703125 0.0296875 0.0140625
4 0.8421875 0.10703125 0.034375 0.0140625
4 0.5421875 0.10546875 0.028125 0.0140625
4 0.57578125 0.10703125 0.028125 0.0140625
4 0.50859375 0.10546875 0.0296875 0.0140625
4 0.34140625 0.10703125 0.03125 0.0140625
4 0.3734375 0.10703125 0.03125 0.0171875
4 0.40859375 0.10546875 0.03125 0.0171875
4 0.44140625 0.10546875 0.0296875 0.0171875
4 0.47578125 0.10546875 0.03125 0.0171875
4 0.80859375 0.10703125 0.03125 0.0140625
4 0.7765625 0.10703125 0.03125 0.0171875
4 0.74296875 0.10703125 0.03125 0.0140625
4 0.7078125 0.10546875 0.034375 0.0171875
4 0.609375 0.1078125 0.0296875 0.0171875
4 0.6421875 0.10703125 0.028125 0.0171875
4 0.678125 0.10546875 0.03125 0.0171875
4 0.94375 0.10703125 0.0390625 0.0171875
4 0.90859375 0.10546875 0.034375 0.0140625
0 0.2078125 0.40234375 0.03125 0.0140625
1 0.55859375 0.10703125 0.8171875 0.0265625
0 0.2390625 0.4046875 0.0296875 0.0140625
0 0.2703125 0.40625 0.0296875 0.0125
0 0.303125 0.4078125 0.0296875 0.0125
0 0.33515625 0.40625 0.03125 0.0140625
0 0.3703125 0.40625 0.03125 0.0140625
0 0.875 0.4078125 0.0296875 0.0125
0 0.84375 0.40859375 0.03125 0.0125
0 0.8109375 0.41015625 0.0296875 0.0125
0 0.7796875 0.4109375 0.034375 0.0125
0 0.74609375 0.4125 0.03125 0.0125
0 0.71171875 0.4125 0.03125 0.0125
0 0.6765625 0.4109375 0.03125 0.0125
0 0.64296875 0.4109375 0.03125 0.0125
0 0.609375 0.41015625 0.034375 0.0125
0 0.57578125 0.41015625 0.03125 0.0140625
0 0.54296875 0.40859375 0.0296875 0.0125
0 0.50703125 0.40859375 0.0296875 0.0125
0 0.4734375 0.40859375 0.0296875 0.0125
0 0.40390625 0.40625 0.03125 0.0140625
0 0.4390625 0.40625 0.034375 0.0140625
0 0.23671875 0.3765625 0.0296875 0.0125
0 0.2703125 0.37734375 0.0296875 0.0125
0 0.20703125 0.375 0.0265625 0.0125
0 0.8765625 0.37890625 0.0296875 0.009375
0 0.8453125 0.38125 0.0265625 0.009375
0 0.8125 0.38203125 0.0296875 0.009375
0 0.7796875 0.38203125 0.03125 0.0125
0 0.7453125 0.38125 0.03125 0.0125
0 0.71171875 0.38125 0.034375 0.0125
0 0.6765625 0.3796875 0.028125 0.009375
0 0.64296875 0.3796875 0.03125 0.0125
0 0.609375 0.3796875 0.03125 0.009375
0 0.47265625 0.37890625 0.0296875 0.009375
0 0.50703125 0.37890625 0.0296875 0.0125
0 0.540625 0.37890625 0.028125 0.0125
0 0.57578125 0.3796875 0.03125 0.0125
0 0.4390625 0.37734375 0.03125 0.0125
0 0.40390625 0.37734375 0.0296875 0.009375
0 0.3703125 0.3765625 0.0296875 0.009375
0 0.33515625 0.3765625 0.0296875 0.009375
0 0.3015625 0.37734375 0.0296875 0.0125
0 0.26953125 0.35078125 0.0265625 0.009375
0 0.30390625 0.35078125 0.0296875 0.009375
0 0.47265625 0.35078125 0.0296875 0.009375
0 0.50703125 0.35078125 0.0265625 0.009375
0 0.540625 0.35234375 0.028125 0.009375
0 0.57578125 0.35234375 0.028125 0.0125
0 0.4375 0.35078125 0.0296875 0.009375
0 0.40234375 0.35 0.03125 0.009375
0 0.36875 0.35 0.0296875 0.009375
0 0.33515625 0.35 0.0296875 0.009375
0 0.2046875 0.34765625 0.0296875 0.009375
0 0.2359375 0.35 0.0296875 0.009375
0 0.84609375 0.3546875 0.0296875 0.009375
0 0.8125 0.3546875 0.03125 0.009375
0 0.77890625 0.3546875 0.03125 0.0125
0 0.6765625 0.353125 0.03125 0.009375
0 0.71015625 0.353125 0.03125 0.009375
0 0.7453125 0.353125 0.03125 0.0125
0 0.609375 0.35078125 0.03125 0.0125
0 0.64296875 0.35078125 0.03125 0.0125
0 0.71015625 0.4421875 0.03125 0.009375
0 0.6109375 0.44453125 0.025 0.009375
0 0.64453125 0.44453125 0.0265625 0.009375
0 0.57578125 0.44375 0.028125 0.009375
0 0.57578125 0.43125 0.028125 0.0125
0 0.271875 0.4375 0.0265625 0.009375
0 0.303125 0.4375 0.0265625 0.009375
0 0.33671875 0.4390625 0.0265625 0.009375
0 0.36796875 0.43984375 0.0265625 0.009375
0 0.21015625 0.4328125 0.0265625 0.0125
0 0.240625 0.4359375 0.0296875 0.0125
0 0.40390625 0.4421875 0.03125 0.0125
0 0.50703125 0.44375 0.03125 0.0125
0 0.87265625 0.4390625 0.0265625 0.009375
0 0.47109375 0.44140625 0.034375 0.0125
0 0.775 0.44140625 0.03125 0.0125
0 0.74296875 0.4421875 0.028125 0.0125
0 0.8421875 0.43984375 0.0265625 0.009375
0 0.8109375 0.44140625 0.0296875 0.009375
0 0.54296875 0.44375 0.0296875 0.009375
0 0.6765625 0.4421875 0.028125 0.009375
0 0.4390625 0.44140625 0.0296875 0.0125
0 0.87734375 0.353125 0.0296875 0.009375
0 0.36875 0.428125 0.0265625 0.009375
0 0.3015625 0.4265625 0.0296875 0.0125
0 0.33671875 0.428125 0.0265625 0.009375
0 0.21015625 0.421875 0.0265625 0.009375
0 0.271875 0.42578125 0.0265625 0.0125
0 0.2390625 0.42421875 0.0296875 0.0125
0 0.71015625 0.43125 0.028125 0.009375
0 0.50703125 0.36640625 0.0296875 0.009375
0 0.4390625 0.36640625 0.0296875 0.009375
0 0.47265625 0.36796875 0.0296875 0.009375
0 0.40234375 0.36640625 0.03125 0.009375
0 0.33515625 0.365625 0.0296875 0.0125
0 0.3703125 0.365625 0.0296875 0.009375