2 0.1703125 0.3140625 0.040625 0.3765625
3 0.1703125 0.44921875 0.0328125 0.0203125
3 0.1703125 0.48671875 0.0328125 0.0203125
3 0.171875 0.41796875 0.03125 0.0171875
3 0.1703125 0.3890625 0.03125 0.0171875
3 0.1703125 0.36796875 0.03125 0.0171875
3 0.16953125 0.34140625 0.03125 0.0140625
3 0.16796875 0.3109375 0.0296875 0.0125
3 0.16796875 0.2921875 0.0296875 0.0171875
3 0.16796875 0.2390625 0.0296875 0.0203125
3 0.16953125 0.2203125 0.03125 0.0203125
3 0.16796875 0.1890625 0.03125 0.021875
4 0.1703125 0.1046875 0.0328125 0.0171875
1 0.55546875 0.1046875 0.821875 0.025
0 0.2015625 0.3734375 0.0296875 0.0125
4 0.203125 0.10546875 0.034375 0.0140625
4 0.23828125 0.10546875 0.0359375 0.0140625
4 0.2703125 0.10703125 0.0265625 0.0140625
4 0.30390625 0.10703125 0.0265625 0.0140625
4 0.3375 0.1046875 0.0328125 0.0171875
4 0.3703125 0.10546875 0.0296875 0.0203125
4 0.40234375 0.1046875 0.0296875 0.0140625
4 0.4359375 0.103125 0.0296875 0.0140625
4 0.47109375 0.1046875 0.0265625 0.0140625
4 0.94375 0.10546875 0.034375 0.0171875
4 0.53828125 0.1046875 0.028125 0.0140625
4 0.50625 0.1046875 0.028125 0.0140625
4 0.571875 0.1046875 0.028125 0.0140625
4 0.60703125 0.10546875 0.028125 0.0140625
4 0.90859375 0.10546875 0.03125 0.0140625
4 0.8734375 0.10546875 0.0296875 0.0140625
4 0.84140625 0.10546875 0.03125 0.0140625
4 0.80859375 0.103125 0.03125 0.0171875
4 0.77421875 0.10546875 0.03125 0.0171875
4 0.74140625 0.1046875 0.028125 0.0140625
4 0.70546875 0.103125 0.03125 0.0140625
4 0.6390625 0.1046875 0.0265625 0.0125
4 0.671875 0.1046875 0.034375 0.0140625
0 0.71015625 0.4109375 0.03125 0.0125
0 0.74375 0.4109375 0.03125 0.0125
0 0.77734375 0.4109375 0.03125 0.0125
0 0.81015625 0.41015625 0.0265625 0.0125
0 0.5734375 0.35078125 0.028125 0.0140625
0 0.53828125 0.35078125 0.028125 0.0140625
0 0.53828125 0.37734375 0.028125 0.0125
0 0.5734375 0.37890625 0.028125 0.0125
0 0.6078125 0.37890625 0.028125 0.0125
0 0.6078125 0.35078125 0.028125 0.0125
0 0.53984375 0.40859375 0.028125 0.0125
0 0.57421875 0.41015625 0.03125 0.0140625
0 0.6078125 0.41015625 0.03125 0.0140625
0 0.6421875 0.41015625 0.028125 0.0140625
0 0.67421875 0.4109375 0.028125 0.0140625
0 0.640625 0.37890625 0.0296875 0.0125
0 0.6421875 0.35078125 0.028125 0.0125
0 0.67578125 0.3796875 0.03125 0.0125
0 0.6734375 0.35234375 0.03125 0.0125
0 0.709375 0.3796875 0.03125 0.0125
0 0.74375 0.38125 0.03125 0.0125
0 0.875 0.37734375 0.0296875 0.0125
0 0.8734375 0.40625 0.0296875 0.0140625
0 0.84140625 0.4078125 0.0296875 0.0125
0 0.84375 0.37890625 0.03125 0.0125
0 0.77734375 0.38125 0.034375 0.0140625
0 0.8109375 0.38125 0.03125 0.009375
0 0.8109375 0.353125 0.0296875 0.009375
0 0.53984375 0.43046875 0.028125 0.0125
0 0.53984375 0.44375 0.028125 0.0125
0 0.57421875 0.44375 0.0296875 0.0140625
0 0.5734375 0.43046875 0.028125 0.0125
0 0.5046875 0.4078125 0.0296875 0.0140625
0 0.4703125 0.4078125 0.0296875 0.0140625
0 0.43515625 0.40625 0.03125 0.0140625
0 0.4 0.40625 0.0296875 0.0140625
0 0.36640625 0.4046875 0.034375 0.0140625
0 0.33203125 0.40625 0.034375 0.0140625
0 0.2984375 0.40625 0.03125 0.0140625
0 0.5046875 0.37890625 0.0296875 0.0125
0 0.4703125 0.37734375 0.0296875 0.009375
0 0.43515625 0.3765625 0.0296875 0.0125
0 0.50390625 0.35 0.0296875 0.0125
0 0.4 0.3484375 0.0296875 0.0125
0 0.4 0.3765625 0.03125 0.0125
0 0.77421875 0.43984375 0.028125 0.009375
0 0.7765625 0.42890625 0.028125 0.009375
0 0.74140625 0.44140625 0.028125 0.009375
0 0.7078125 0.44140625 0.028125 0.009375
0 0.67421875 0.44375 0.0265625 0.009375
0 0.4703125 0.35 0.03125 0.0125
0 0.4359375 0.3484375 0.03125 0.0125
0 0.6078125 0.44375 0.028125 0.0125
0 0.6421875 0.44375 0.0265625 0.0125
0 0.7078125 0.43046875 0.028125 0.0125
0 0.365625 0.43984375 0.0296875 0.0125
0 0.365625 0.4265625 0.0296875 0.0125
0 0.4 0.43984375 0.0265625 0.009375
0 0.50625 0.44375 0.028125 0.0125
0 0.8078125 0.43984375 0.028125 0.009375
0 0.30078125 0.4375 0.0296875 0.0125
0 0.29921875 0.42578125 0.03125 0.0125
0 0.334375 0.4390625 0.0296875 0.0125
0 0.33203125 0.42578125 0.0296875 0.0125
0 0.2671875 0.4046875 0.03125 0.0140625
0 0.234375 0.40390625 0.03125 0.0125
0 0.203125 0.4015625 0.0296875 0.0125
0 0.2359375 0.43515625 0.0296875 0.0125
0 0.26796875 0.4359375 0.0265625 0.0125
0 0.2671875 0.42421875 0.0265625 0.0140625
0 0.43515625 0.44140625 0.0296875 0.009375
0 0.4703125 0.4421875 0.03125 0.009375
0 0.7078125 0.353125 0.028125 0.0125
0 0.74296875 0.353125 0.034375 0.0125
0 0.77734375 0.3546875 0.03125 0.0125
0 0.36640625 0.3765625 0.0296875 0.009375
0 0.36640625 0.35 0.0265625 0.009375
0 0.2984375 0.3765625 0.0296875 0.009375
0 0.3328125 0.3765625 0.0265625 0.009375
0 0.29921875 0.35 0.0265625 0.009375
0 0.3328125 0.3484375 0.0296875 0.009375
0 0.2328125 0.375 0.03125 0.009375
0 0.265625 0.3765625 0.0296875 0.009375
0 0.265625 0.35 0.0296875 0.009375
0 0.23046875 0.3484375 0.03125 0.009375
0 0.20078125 0.34765625 0.0265625 0.009375
0 0.87265625 0.4265625 0.0296875 0.0125
0 0.8734375 0.43984375 0.03125 0.009375
0 0.83984375 0.43984375 0.0296875 0.009375
0 0.74296875 0.43046875 0.03125 0.0125
0 0.8453125 0.3546875 0.0296875 0.009375
0 0.87734375 0.35234375 0.0296875 0.0125
0 0.43515625 0.42890625 0.0296875 0.0125
0 0.39921875 0.428125 0.0296875 0.0125
0 0.6078125 0.43125 0.028125 0.009375
0 0.64296875 0.43046875 0.03125 0.0125
0 0.67578125 0.43046875 0.03125 0.0125
0 0.20546875 0.43359375 0.0265625 0.009375
0 0.20546875 0.4203125 0.0265625 0.0140625
0 0.83984375 0.4265625 0.0296875 0.0125
0 0.80859375 0.428125 0.0265625 0.0125
0 0.33515625 0.484375 0.03125 0.0140625
0 0.36796875 0.484375 0.0296875 0.0140625
2 0.20546875 0.68984375 0.0390625 0.315625
3 0.20546875 0.83515625 0.03125 0.0125
3 0.2078125 0.80078125 0.03125 0.0125
3 0.2078125 0.771875 0.0328125 0.0140625
3 0.2078125 0.7484375 0.03125 0.0125
3 0.20703125 0.665625 0.0296875 0.0125
3 0.20703125 0.68125 0.0296875 0.0125
3 0.20703125 0.70703125 0.03125 0.0125
3 0.20703125 0.7296875 0.03125 0.0171875
3 0.2046875 0.62265625 0.0296875 0.0125
3 0.20546875 0.60703125 0.0296875 0.0125
3 0.2046875 0.58203125 0.0296875 0.0171875
4 0.2015625 0.5140625 0.0328125 0.0171875
1 0.584375 0.5140625 0.8078125 0.028125
0 0.303125 0.4828125 0.03125 0.0140625
4 0.2359375 0.5140625 0.0296875 0.0140625
4 0.26796875 0.515625 0.03125 0.0203125
4 0.3015625 0.515625 0.03125 0.0125
4 0.33515625 0.515625 0.0296875 0.0140625
4 0.36796875 0.515625 0.03125 0.0171875
4 0.4015625 0.515625 0.03125 0.0140625
4 0.43359375 0.51328125 0.034375 0.0171875
4 0.4671875 0.51328125 0.034375 0.0171875
4 0.96640625 0.51171875 0.03125 0.0140625
4 0.9328125 0.5109375 0.034375 0.0140625
4 0.9 0.51171875 0.03125 0.0140625
4 0.86640625 0.51171875 0.03125 0.0171875
4 0.834375 0.51328125 0.03125 0.0171875
4 0.80078125 0.51328125 0.03125 0.0171875
4 0.76796875 0.51328125 0.034375 0.0171875
4 0.734375 0.51328125 0.03125 0.0171875
4 0.7015625 0.51328125 0.03125 0.0140625
4 0.66796875 0.51328125 0.034375 0.0140625
4 0.6359375 0.5140625 0.034375 0.0171875
4 0.603125 0.5140625 0.034375 0.0140625
4 0.56875 0.51328125 0.034375 0.0171875
4 0.5359375 0.51328125 0.03125 0.0171875
4 0.50234375 0.5140625 0.034375 0.0171875
0 0.24140625 0.75625 0.0296875 0.0125
0 0.275 0.75625 0.0265625 0.0125
0 0.30546875 0.7546875 0.03125 0.0140625
0 0.33984375 0.7546875 0.0296875 0.0125
0 0.37265625 0.75390625 0.03125 0.0125
0 0.40625 0.75390625 0.03125 0.0125
0 0.4390625 0.75234375 0.03125 0.0140625
0 0.50390625 0.75390625 0.0296875 0.0140625
0 0.5375 0.75390625 0.028125 0.0171875
0 0.56953125 0.75234375 0.028125 0.0171875
0 0.89921875 0.7546875 0.034375 0.0140625
0 0.86640625 0.7546875 0.03125 0.0140625
0 0.8328125 0.75390625 0.03125 0.0140625
0 0.80078125 0.75234375 0.03125 0.0140625
0 0.7671875 0.75234375 0.034375 0.0171875
0 0.734375 0.75234375 0.034375 0.0171875
0 0.70078125 0.75390625 0.03125 0.0125
0 0.6671875 0.75390625 0.03125 0.0140625
0 0.634375 0.75234375 0.03125 0.0140625
0 0.60234375 0.75234375 0.03125 0.0140625
0 0.2390625 0.73203125 0.03125 0.0125
0 0.27421875 0.73046875 0.0296875 0.0125
0 0.30546875 0.73046875 0.0265625 0.0078125
0 0.3375 0.73046875 0.0296875 0.009375
0 0.37109375 0.7296875 0.0296875 0.009375
0 0.40390625 0.728125 0.03125 0.0078125
0 0.4359375 0.728125 0.03125 0.009375
0 0.50234375 0.728125 0.03125 0.009375
0 0.5359375 0.728125 0.028125 0.009375
0 0.86640625 0.7296875 0.03125 0.009375
0 0.8328125 0.7296875 0.03125 0.0125
0 0.80078125 0.7296875 0.03125 0.009375
0 0.7671875 0.728125 0.03125 0.009375
0 0.7328125 0.728125 0.028125 0.009375
0 0.70078125 0.728125 0.028125 0.0078125
0 0.6671875 0.728125 0.03125 0.009375
0 0.634375 0.728125 0.028125 0.0078125
0 0.60234375 0.728125 0.03125 0.0078125
0 0.56875 0.728125 0.028125 0.009375
0 0.240625 0.709375 0.03125 0.0078125
0 0.27421875 0.71015625 0.0296875 0.009375
0 0.30625 0.709375 0.0296875 0.0078125
0 0.4359375 0.70703125 0.03125 0.0078125
0 0.53515625 0.70703125 0.0296875 0.0078125
0 0.56875 0.70703125 0.028125 0.0078125
0 0.865625 0.7078125 0.034375 0.009375
0 0.8328125 0.7078125 0.03125 0.009375
0 0.79921875 0.70703125 0.03125 0.0078125
0 0.7671875 0.7078125 0.028125 0.009375
0 0.7328125 0.70703125 0.028125 0.009375
0 0.6671875 0.70546875 0.03125 0.0125
0 0.634375 0.70546875 0.028125 0.009375
0 0.60078125 0.70703125 0.028125 0.0078125
0 0.50234375 0.70703125 0.03125 0.0078125
0 0.3703125 0.7078125 0.0296875 0.009375
0 0.3375 0.7078125 0.0265625 0.009375
0 0.9 0.771875 0.034375 0.009375
0 0.86640625 0.771875 0.0296875 0.0125
0 0.8328125 0.7703125 0.03125 0.009375
0 0.79921875 0.7703125 0.03125 0.009375
0 0.7671875 0.7703125 0.03125 0.0125
0 0.7328125 0.7703125 0.028125 0.0125
0 0.69921875 0.7703125 0.0296875 0.0125
0 0.6671875 0.7703125 0.028125 0.009375
0 0.634375 0.7703125 0.03125 0.009375
0 0.60078125 0.76953125 0.028125 0.0125
0 0.56953125 0.7703125 0.028125 0.0125
0 0.5359375 0.76953125 0.028125 0.0125
0 0.50390625 0.7703125 0.0296875 0.0125
0 0.4390625 0.7703125 0.0265625 0.0125
0 0.40625 0.7703125 0.03125 0.0125
0 0.37265625 0.771875 0.03125 0.0125
0 0.24140625 0.77265625 0.03125 0.0125
0 0.24140625 0.78359375 0.0296875 0.009375
0 0.275 0.77265625 0.0265625 0.0125
0 0.275 0.78359375 0.0265625 0.009375
0 0.3390625 0.771875 0.0296875 0.0125
0 0.3390625 0.7828125 0.0296875 0.009375
0 0.30546875 0.771875 0.0296875 0.0125
0 0.30625 0.7828125 0.0296875 0.0125
0 0.44140625 0.7828125 0.0296875 0.0125
0 0.4046875 0.78125 0.0296875 0.009375
0 0.37265625 0.78125 0.0296875 0.009375
0 0.4046875 0.790625 0.03125 0.0078125
0 0.40390625 0.709375 0.0296875 0.0125
0 0.865625 0.7828125 0.0296875 0.0078125
0 0.83203125 0.7828125 0.03125 0.0078125
0 0.7984375 0.78125 0.028125 0.009375
0 0.765625 0.78125 0.03125 0.009375
0 0.83203125 0.790625 0.0296875 0.0078125
0 0.79921875 0.79296875 0.0296875 0.0125
0 0.73203125 0.78125 0.028125 0.009375
0 0.6671875 0.7796875 0.028125 0.009375
0 0.50390625 0.78125 0.0296875 0.0125
0 0.5359375 0.7796875 0.028125 0.009375
0 0.5375 0.7921875 0.028125 0.0125
0 0.60078125 0.78125 0.028125 0.009375
0 0.60234375 0.79296875 0.028125 0.0125
0 0.56953125 0.78125 0.028125 0.009375
0 0.56953125 0.79296875 0.028125 0.0125
0 0.69921875 0.78984375 0.0296875 0.009375
0 0.73203125 0.790625 0.028125 0.0078125
0 0.5046875 0.7921875 0.0296875 0.009375
0 0.634375 0.7796875 0.028125 0.0078125
0 0.6671875 0.790625 0.028125 0.0078125
0 0.765625 0.790625 0.03125 0.0078125
0 0.43515625 0.365625 0.0296875 0.009375
0 0.4703125 0.36640625 0.03125 0.009375
0 0.50390625 0.36640625 0.0296875 0.009375