4 0.2125 0.38671875 0.021875 0.0171875
4 0.23828125 0.38828125 0.0203125 0.0140625
4 0.26328125 0.38828125 0.021875 0.0140625
4 0.28828125 0.38828125 0.021875 0.0140625
4 0.3125 0.38828125 0.025 0.0171875
4 0.3375 0.38671875 0.0203125 0.0171875
4 0.36171875 0.38671875 0.021875 0.0171875
4 0.38828125 0.38671875 0.021875 0.0140625
4 0.41328125 0.3890625 0.021875 0.0171875
4 0.7921875 0.390625 0.021875 0.0171875
4 0.7640625 0.3921875 0.021875 0.0140625
4 0.740625 0.390625 0.021875 0.0140625
4 0.71640625 0.3921875 0.021875 0.0140625
4 0.68984375 0.390625 0.0203125 0.0140625
4 0.665625 0.3890625 0.0203125 0.0140625
4 0.640625 0.38828125 0.021875 0.0140625
4 0.615625 0.3890625 0.0203125 0.0140625
4 0.58984375 0.3890625 0.021875 0.0171875
4 0.56484375 0.38828125 0.0203125 0.0140625
4 0.540625 0.38828125 0.0203125 0.0140625
4 0.5140625 0.38828125 0.0203125 0.0140625
4 0.4890625 0.38828125 0.021875 0.0140625
4 0.46484375 0.38671875 0.0203125 0.0140625
4 0.4390625 0.38671875 0.021875 0.0140625
3 0.41328125 0.4640625 0.0203125 0.009375
3 0.41328125 0.478125 0.0203125 0.009375
3 0.41328125 0.4578125 0.0203125 0.0046875
3 0.41328125 0.50703125 0.0171875 0.0125
3 0.41328125 0.5265625 0.0203125 0.0078125
3 0.4125 0.58046875 0.0171875 0.0078125
0 0.4375 0.58046875 0.0203125 0.009375
0 0.4375 0.56015625 0.0203125 0.009375
0 0.4625 0.59609375 0.0203125 0.0125
0 0.5140625 0.55625 0.0203125 0.0078125
0 0.5140625 0.546875 0.0203125 0.0125
0 0.540625 0.55859375 0.0203125 0.0125
0 0.53984375 0.546875 0.0203125 0.0125
0 0.53984375 0.52421875 0.0203125 0.009375
0 0.56484375 0.5953125 0.021875 0.0125
0 0.56484375 0.54921875 0.021875 0.0125
0 0.6421875 0.5484375 0.021875 0.0125
0 0.6421875 0.56015625 0.021875 0.0125
0 0.615625 0.5453125 0.021875 0.0125
0 0.615625 0.55546875 0.0203125 0.009375
0 0.665625 0.59609375 0.021875 0.0203125
0 0.6671875 0.5515625 0.0203125 0.0125
0 0.6671875 0.52734375 0.0203125 0.0078125
0 0.665625 0.51796875 0.0203125 0.0125
0 0.6421875 0.525 0.021875 0.0125
0 0.71640625 0.5453125 0.0203125 0.009375
0 0.71640625 0.5203125 0.0171875 0.009375
0 0.6140625 0.72578125 0.021875 0.0125
0 0.51328125 0.72578125 0.021875 0.0125
0 0.4625 0.72578125 0.0171875 0.009375
0 0.4390625 0.72578125 0.0203125 0.0125
0 0.4640625 0.55078125 0.0203125 0.0078125
0 0.4640625 0.55859375 0.0203125 0.0078125
0 0.615625 0.5203125 0.0203125 0.0125
0 0.5140625 0.5203125 0.0203125 0.0125
0 0.640625 0.5765625 0.0203125 0.009375
0 0.56640625 0.52265625 0.0203125 0.009375
1 0.5015625 0.38671875 0.61875 0.0359375
2 0.41328125 0.5875 0.025 0.3015625