4 0.23046875 0.21875 0.021875 0.021875
4 0.25625 0.2203125 0.021875 0.021875
4 0.28125 0.2203125 0.025 0.0203125
4 0.3078125 0.2203125 0.021875 0.0203125
4 0.3328125 0.22109375 0.0234375 0.021875
4 0.3578125 0.22109375 0.0234375 0.021875
4 0.38359375 0.22109375 0.0234375 0.021875
4 0.40859375 0.22109375 0.025 0.0203125
4 0.4328125 0.22265625 0.021875 0.0203125
4 0.8125 0.2328125 0.025 0.021875
4 0.78828125 0.23203125 0.0265625 0.021875
4 0.76171875 0.23046875 0.025 0.021875
4 0.73671875 0.23046875 0.025 0.021875
4 0.7125 0.2296875 0.025 0.021875
4 0.6859375 0.228125 0.025 0.021875
4 0.6625 0.228125 0.025 0.021875
4 0.6359375 0.22734375 0.021875 0.021875
4 0.6109375 0.22734375 0.025 0.025
4 0.58515625 0.22578125 0.0234375 0.021875
4 0.56015625 0.225 0.025 0.021875
4 0.53359375 0.225 0.021875 0.021875
4 0.509375 0.225 0.021875 0.021875
4 0.484375 0.2234375 0.021875 0.0203125
4 0.4578125 0.22109375 0.025 0.0265625
1 0.52265625 0.2234375 0.615625 0.0484375
2 0.43046875 0.41796875 0.0296875 0.4234375
3 0.428125 0.61796875 0.021875 0.0125
3 0.428125 0.6046875 0.0203125 0.0125
3 0.428125 0.571875 0.0203125 0.0125
3 0.42890625 0.55546875 0.0203125 0.009375
3 0.428125 0.5375 0.0203125 0.0125
3 0.43046875 0.50625 0.0203125 0.0125
3 0.43046875 0.415625 0.0203125 0.009375
3 0.43125 0.36171875 0.0203125 0.009375
3 0.43046875 0.34140625 0.0203125 0.0125
3 0.43125 0.3109375 0.0203125 0.0140625
3 0.4328125 0.30078125 0.0171875 0.0078125
3 0.4328125 0.29296875 0.0203125 0.0078125
0 0.4546875 0.5609375 0.025 0.0171875
0 0.48046875 0.5625 0.025 0.0140625
0 0.50625 0.5625 0.021875 0.0125
0 0.53125 0.5640625 0.025 0.0125
0 0.55625 0.5625 0.021875 0.0125
0 0.58203125 0.5625 0.0203125 0.009375
0 0.60703125 0.5640625 0.021875 0.009375
0 0.63359375 0.5625 0.021875 0.0140625
0 0.65859375 0.56484375 0.021875 0.0125
0 0.7078125 0.5625 0.0203125 0.009375
0 0.73203125 0.5625 0.0203125 0.0125
3 0.4328125 0.28828125 0.0203125 0.0046875
0 0.53515625 0.3578125 0.025 0.009375
0 0.53359375 0.384375 0.021875 0.0140625
0 0.5328125 0.3953125 0.021875 0.009375
0 0.5328125 0.4171875 0.021875 0.009375
0 0.5328125 0.48671875 0.021875 0.0125
0 0.5328125 0.50234375 0.021875 0.0125
0 0.5328125 0.4515625 0.021875 0.0125
0 0.50703125 0.43046875 0.021875 0.009375
0 0.45703125 0.415625 0.0203125 0.0125
0 0.45703125 0.396875 0.021875 0.009375
0 0.45703125 0.38828125 0.0203125 0.009375
0 0.45546875 0.4671875 0.021875 0.009375
0 0.45546875 0.50234375 0.0203125 0.009375
0 0.45546875 0.48828125 0.0203125 0.0125
0 0.48203125 0.4328125 0.021875 0.009375
0 0.50703125 0.53359375 0.0203125 0.0078125
0 0.50625 0.546875 0.0203125 0.009375
0 0.65859375 0.46875 0.0203125 0.009375
0 0.66015625 0.4171875 0.021875 0.0078125
0 0.66015625 0.39921875 0.021875 0.0125
0 0.66015625 0.38671875 0.021875 0.0125
0 0.6609375 0.375 0.021875 0.0125
0 0.6609375 0.365625 0.0203125 0.009375
0 0.6609375 0.3546875 0.021875 0.009375
0 0.66015625 0.3421875 0.0203125 0.0125
0 0.634375 0.359375 0.021875 0.009375
0 0.634375 0.35 0.0203125 0.009375
0 0.634375 0.39453125 0.0203125 0.009375
0 0.634375 0.38359375 0.0203125 0.0125
0 0.634375 0.4171875 0.0203125 0.009375
0 0.71015625 0.43359375 0.0203125 0.009375
0 0.68515625 0.4359375 0.021875 0.0125
0 0.68515625 0.390625 0.0203125 0.0125
0 0.68515625 0.36875 0.0203125 0.009375
0 0.68515625 0.3578125 0.0203125 0.009375
0 0.68515625 0.37890625 0.0203125 0.0125
0 0.71015625 0.38359375 0.021875 0.009375
0 0.7359375 0.3859375 0.0203125 0.0125
0 0.7359375 0.396875 0.0203125 0.009375
0 0.7359375 0.3609375 0.0203125 0.009375
0 0.7359375 0.353125 0.0203125 0.0078125
0 0.73671875 0.34609375 0.0203125 0.009375
0 0.7359375 0.4125 0.0203125 0.009375
0 0.65859375 0.4890625 0.0203125 0.0078125
0 0.55859375 0.48671875 0.0203125 0.009375
0 0.5578125 0.46640625 0.0203125 0.0078125
0 0.584375 0.43359375 0.021875 0.0125
0 0.55859375 0.41484375 0.0203125 0.009375
0 0.55859375 0.3953125 0.0203125 0.009375
0 0.55859375 0.384375 0.0203125 0.0125
0 0.55859375 0.3609375 0.0203125 0.009375
0 0.55859375 0.353125 0.0203125 0.0046875
0 0.55859375 0.3484375 0.0203125 0.0078125
0 0.55859375 0.34140625 0.0203125 0.009375
0 0.609375 0.43125 0.021875 0.009375
0 0.5328125 0.5484375 0.021875 0.0078125