4 0.2296875 0.15625 0.021875 0.0203125
4 0.2546875 0.1546875 0.021875 0.0203125
4 0.2796875 0.15390625 0.021875 0.0203125
4 0.30390625 0.15234375 0.021875 0.0171875
4 0.8078125 0.1359375 0.0234375 0.0171875
4 0.78359375 0.1359375 0.025 0.0203125
4 0.75859375 0.13828125 0.0234375 0.0171875
4 0.7328125 0.13828125 0.025 0.0171875
4 0.7078125 0.140625 0.0234375 0.0203125
4 0.6828125 0.1421875 0.021875 0.0171875
4 0.65859375 0.1421875 0.021875 0.0171875
4 0.63359375 0.14296875 0.0234375 0.0203125
4 0.6078125 0.14296875 0.025 0.0171875
4 0.33046875 0.15234375 0.0234375 0.0203125
4 0.5828125 0.14453125 0.0234375 0.0203125
4 0.5578125 0.14453125 0.0234375 0.0203125
4 0.5328125 0.1453125 0.025 0.0203125
4 0.50625 0.14453125 0.025 0.0203125
4 0.48046875 0.1453125 0.025 0.0171875
4 0.45703125 0.1453125 0.025 0.0171875
4 0.43046875 0.146875 0.025 0.0171875
4 0.4046875 0.14765625 0.021875 0.0171875
4 0.3796875 0.14765625 0.0234375 0.0171875
4 0.35546875 0.15 0.025 0.0171875
1 0.51796875 0.1453125 0.6140625 0.0515625
2 0.30625 0.3859375 0.0296875 0.4984375
3 0.30625 0.2640625 0.0203125 0.009375
3 0.3078125 0.303125 0.0203125 0.0125
3 0.3078125 0.32578125 0.0203125 0.0140625
3 0.31015625 0.50234375 0.0203125 0.009375
3 0.31015625 0.396875 0.0203125 0.009375
3 0.30859375 0.421875 0.0203125 0.0125
3 0.30859375 0.4625 0.0203125 0.0125
3 0.31015625 0.57421875 0.021875 0.0140625
3 0.31015625 0.61796875 0.021875 0.0140625
3 0.30625 0.24609375 0.0203125 0.0078125
3 0.30625 0.23828125 0.021875 0.0078125
3 0.30546875 0.22578125 0.021875 0.0171875
0 0.53515625 0.3265625 0.0203125 0.0125
0 0.56015625 0.3296875 0.021875 0.0140625
0 0.40859375 0.334375 0.021875 0.0203125
0 0.38203125 0.33046875 0.021875 0.0125
0 0.6875 0.32421875 0.021875 0.0125
0 0.7125 0.32421875 0.021875 0.0140625
0 0.3859375 0.63125 0.0234375 0.0203125
0 0.4125 0.63125 0.025 0.0203125
0 0.53984375 0.62734375 0.0234375 0.021875
0 0.56484375 0.62734375 0.025 0.0203125
0 0.5875 0.40234375 0.0203125 0.0078125
0 0.61328125 0.40234375 0.0203125 0.0078125
0 0.5875 0.4109375 0.0203125 0.0078125
0 0.61328125 0.41015625 0.0203125 0.0078125
0 0.6109375 0.3484375 0.025 0.0140625
0 0.58671875 0.3453125 0.021875 0.0125
0 0.58671875 0.359375 0.021875 0.0078125
0 0.61171875 0.3609375 0.021875 0.009375
0 0.43359375 0.35 0.021875 0.0140625
0 0.459375 0.35 0.0203125 0.0125
0 0.459375 0.36171875 0.0203125 0.009375
0 0.43515625 0.4046875 0.021875 0.009375
0 0.43359375 0.4125 0.021875 0.0078125
0 0.46015625 0.40390625 0.021875 0.0078125
0 0.46015625 0.4109375 0.021875 0.0078125
0 0.43515625 0.45078125 0.0203125 0.009375
0 0.46015625 0.44921875 0.021875 0.009375
0 0.384375 0.46875 0.021875 0.0125
0 0.384375 0.48203125 0.021875 0.0125
0 0.41015625 0.4703125 0.021875 0.009375
0 0.4109375 0.48203125 0.021875 0.0140625
0 0.43515625 0.4703125 0.021875 0.0125
0 0.61171875 0.31953125 0.021875 0.0125
0 0.61640625 0.5515625 0.021875 0.0125
0 0.384375 0.55859375 0.021875 0.0140625
0 0.4359375 0.55546875 0.021875 0.0125
0 0.46171875 0.55546875 0.021875 0.0125
0 0.46015625 0.46875 0.021875 0.0140625
0 0.76171875 0.303125 0.0203125 0.0125
0 0.76171875 0.3140625 0.0203125 0.009375
0 0.76328125 0.3953125 0.0203125 0.009375
0 0.76328125 0.4375 0.0203125 0.009375
0 0.740625 0.4015625 0.021875 0.0171875
0 0.76328125 0.35546875 0.0203125 0.009375
0 0.76328125 0.34375 0.021875 0.0140625
0 0.7125 0.5421875 0.021875 0.0140625
0 0.7390625 0.53828125 0.021875 0.0125
0 0.7390625 0.34375 0.0203125 0.0140625
0 0.7390625 0.35703125 0.0203125 0.009375
0 0.73828125 0.303125 0.021875 0.009375
0 0.73828125 0.3140625 0.021875 0.009375
0 0.4578125 0.31953125 0.0203125 0.009375
0 0.43359375 0.31953125 0.0203125 0.0078125
0 0.43359375 0.3109375 0.0203125 0.0078125
0 0.5875 0.446875 0.021875 0.0125
0 0.5640625 0.4796875 0.021875 0.0140625
0 0.6140625 0.4484375 0.0234375 0.0125
0 0.5640625 0.4671875 0.021875 0.0125
0 0.53828125 0.4671875 0.0234375 0.0140625
0 0.53828125 0.48046875 0.0234375 0.0125
0 0.71640625 0.4625 0.0203125 0.009375
0 0.71640625 0.4734375 0.0203125 0.0125
0 0.6921875 0.46484375 0.021875 0.0125
0 0.69140625 0.47734375 0.021875 0.0140625
0 0.7390625 0.43984375 0.0203125 0.0125
0 0.58515625 0.31640625 0.0203125 0.009375
0 0.58515625 0.30625 0.021875 0.009375
0 0.6875 0.61796875 0.025 0.0171875
0 0.7140625 0.61796875 0.0265625 0.0203125
0 0.3859375 0.59375 0.0265625 0.025
0 0.4125 0.5953125 0.025 0.025
0 0.6109375 0.31015625 0.0203125 0.009375
0 0.53828125 0.58671875 0.0234375 0.028125