4 0.23203125 0.15625 0.025 0.0171875
4 0.25625 0.1546875 0.021875 0.0171875
4 0.2796875 0.15390625 0.021875 0.0171875
4 0.30546875 0.15234375 0.021875 0.0171875
4 0.33046875 0.1515625 0.021875 0.0203125
4 0.35546875 0.15 0.021875 0.0140625
4 0.38125 0.1515625 0.021875 0.0171875
4 0.8078125 0.1359375 0.0234375 0.0171875
4 0.78359375 0.1359375 0.021875 0.0171875
4 0.759375 0.13828125 0.025 0.0171875
4 0.734375 0.13828125 0.021875 0.0171875
4 0.709375 0.1390625 0.021875 0.0171875
4 0.6828125 0.140625 0.021875 0.0171875
4 0.65859375 0.1421875 0.021875 0.0171875
4 0.634375 0.14296875 0.025 0.0171875
4 0.6078125 0.14296875 0.021875 0.0171875
4 0.5828125 0.14296875 0.0234375 0.0171875
4 0.5578125 0.14296875 0.021875 0.0171875
4 0.53359375 0.14453125 0.021875 0.0140625
4 0.50703125 0.1453125 0.0234375 0.0140625
4 0.48203125 0.146875 0.025 0.0171875
4 0.4578125 0.146875 0.025 0.0140625
4 0.43125 0.14765625 0.025 0.0171875
4 0.40625 0.14921875 0.021875 0.0171875
3 0.3125 0.5046875 0.021875 0.009375
3 0.3125 0.61640625 0.0203125 0.0125
3 0.3125 0.57578125 0.0203125 0.0125
3 0.3109375 0.5359375 0.0203125 0.0078125
3 0.31015625 0.4234375 0.0203125 0.0125
3 0.31015625 0.4640625 0.0203125 0.009375
3 0.30859375 0.328125 0.0203125 0.0125
3 0.31015625 0.39921875 0.0203125 0.009375
3 0.31015625 0.30546875 0.0203125 0.0125
3 0.30859375 0.265625 0.0203125 0.009375
3 0.3078125 0.24765625 0.0203125 0.009375
3 0.3078125 0.23828125 0.0203125 0.0046875
3 0.3078125 0.23203125 0.0203125 0.0046875
1 0.51796875 0.14765625 0.615625 0.0515625
0 0.384375 0.33203125 0.021875 0.0125
0 0.40859375 0.3328125 0.021875 0.0125
0 0.3859375 0.46875 0.0234375 0.0125
0 0.38671875 0.4828125 0.025 0.0125
0 0.3890625 0.63203125 0.0265625 0.0203125
0 0.41484375 0.63359375 0.021875 0.0203125
0 0.41484375 0.59765625 0.021875 0.0171875
0 0.38828125 0.59609375 0.0234375 0.0171875
0 0.38671875 0.56015625 0.021875 0.0125
0 0.43984375 0.55859375 0.021875 0.0125
0 0.4125 0.48203125 0.021875 0.0125
0 0.4125 0.4703125 0.021875 0.009375
0 0.4359375 0.45078125 0.021875 0.0125
0 0.46171875 0.45078125 0.021875 0.009375
0 0.4625 0.47109375 0.0203125 0.009375
0 0.4359375 0.41328125 0.0203125 0.0078125
0 0.4359375 0.4046875 0.021875 0.009375
0 0.46171875 0.4046875 0.021875 0.009375
0 0.46171875 0.4125 0.0203125 0.0078125
0 0.4359375 0.47265625 0.021875 0.0125
0 0.4625 0.55625 0.021875 0.0125
0 0.41328125 0.55859375 0.021875 0.009375
3 0.30625 0.22578125 0.0203125 0.0078125
0 0.43515625 0.35078125 0.021875 0.0125
0 0.43515625 0.33046875 0.0203125 0.0078125
0 0.43515625 0.32109375 0.0203125 0.0078125
0 0.43359375 0.3109375 0.0203125 0.009375
0 0.46015625 0.3609375 0.0203125 0.009375
0 0.459375 0.31953125 0.021875 0.0078125
0 0.43515625 0.3609375 0.0203125 0.009375
0 0.46015625 0.35 0.021875 0.0140625
0 0.5359375 0.328125 0.0203125 0.0125
0 0.5609375 0.3296875 0.021875 0.0125
0 0.540625 0.62734375 0.025 0.0140625
0 0.56640625 0.62890625 0.025 0.0140625
0 0.5921875 0.55390625 0.021875 0.0125
0 0.61796875 0.553125 0.021875 0.0125
0 0.615625 0.4484375 0.0203125 0.009375
0 0.58984375 0.4484375 0.0203125 0.009375
0 0.615625 0.46875 0.0203125 0.009375
0 0.58984375 0.41015625 0.0203125 0.0078125
0 0.5890625 0.40234375 0.021875 0.009375
0 0.615625 0.4015625 0.025 0.0078125
0 0.615625 0.40859375 0.0203125 0.0078125
0 0.5875 0.35 0.0203125 0.0046875
0 0.5875 0.34375 0.0203125 0.0078125
0 0.61328125 0.3453125 0.0203125 0.0078125
0 0.61328125 0.35234375 0.021875 0.0078125
0 0.61328125 0.359375 0.0203125 0.009375
0 0.5875 0.3578125 0.0203125 0.009375
0 0.61171875 0.31875 0.0203125 0.0078125
0 0.58671875 0.31640625 0.0203125 0.0078125
0 0.58671875 0.3078125 0.021875 0.0078125
0 0.5640625 0.46640625 0.021875 0.009375
0 0.53828125 0.46640625 0.021875 0.0125
0 0.53828125 0.48046875 0.021875 0.0171875
0 0.56484375 0.4796875 0.021875 0.0171875
0 0.58984375 0.46875 0.0203125 0.0125
0 0.76328125 0.303125 0.021875 0.009375
0 0.76328125 0.3109375 0.021875 0.009375
0 0.7390625 0.303125 0.0203125 0.0078125
0 0.7140625 0.32578125 0.021875 0.0125
0 0.765625 0.33984375 0.021875 0.0078125
0 0.7640625 0.3546875 0.0203125 0.009375
0 0.74140625 0.34140625 0.021875 0.0078125
0 0.765625 0.3953125 0.0203125 0.009375
0 0.7640625 0.40234375 0.0203125 0.0078125
0 0.7640625 0.4359375 0.0171875 0.0078125
0 0.740625 0.43984375 0.0171875 0.0078125
0 0.74296875 0.396875 0.0203125 0.009375
0 0.74296875 0.40390625 0.0203125 0.0078125
0 0.7171875 0.46171875 0.0203125 0.009375
0 0.7171875 0.47265625 0.0203125 0.0125
0 0.69375 0.46484375 0.0203125 0.0125
0 0.69375 0.47734375 0.0203125 0.0140625
0 0.740625 0.5375 0.021875 0.0125
0 0.71484375 0.540625 0.0203125 0.0125
0 0.6890625 0.61875 0.021875 0.0125
0 0.71484375 0.61796875 0.0265625 0.0171875
0 0.69140625 0.54453125 0.0203125 0.0125
0 0.76328125 0.53515625 0.0203125 0.0125
0 0.740625 0.46015625 0.0203125 0.0078125
0 0.7640625 0.34609375 0.0203125 0.0078125
0 0.74140625 0.34765625 0.021875 0.0078125
0 0.740625 0.3546875 0.021875 0.0078125
0 0.76328125 0.31953125 0.021875 0.0078125
0 0.6890625 0.32421875 0.021875 0.009375
0 0.61171875 0.31015625 0.0203125 0.009375
0 0.540625 0.5578125 0.025 0.0125
0 0.69140625 0.578125 0.0203125 0.009375
2 0.30859375 0.40625 0.0359375 0.459375