2 0.2140625 0.4671875 0.0265625 0.15
3 0.2140625 0.52734375 0.021875 0.0203125
3 0.2140625 0.4859375 0.021875 0.0125
3 0.2140625 0.46171875 0.0203125 0.0125
3 0.2140625 0.4484375 0.0203125 0.009375
4 0.2140625 0.40234375 0.021875 0.0171875
4 0.23828125 0.4015625 0.021875 0.0140625
4 0.26328125 0.4015625 0.021875 0.0140625
4 0.28828125 0.4015625 0.021875 0.0140625
4 0.3140625 0.4015625 0.021875 0.0140625
4 0.3375 0.4 0.0234375 0.0171875
4 0.36328125 0.4 0.021875 0.0171875
4 0.3890625 0.39921875 0.025 0.0171875
4 0.41484375 0.4 0.021875 0.0171875
4 0.4390625 0.39921875 0.021875 0.0171875
4 0.4640625 0.4 0.021875 0.0140625
4 0.4890625 0.39921875 0.021875 0.0140625
4 0.5140625 0.39921875 0.021875 0.0171875
4 0.53984375 0.39765625 0.021875 0.0140625
4 0.56484375 0.39765625 0.021875 0.0140625
4 0.58984375 0.39765625 0.025 0.0203125
4 0.615625 0.39765625 0.021875 0.0171875
4 0.640625 0.396875 0.021875 0.0140625
4 0.665625 0.396875 0.021875 0.0140625
4 0.68984375 0.3953125 0.021875 0.0140625
4 0.71484375 0.3953125 0.025 0.0140625
4 0.740625 0.39453125 0.025 0.0171875
4 0.765625 0.39453125 0.025 0.0171875
4 0.790625 0.39453125 0.021875 0.0171875
1 0.5 0.396875 0.6109375 0.03125
0 0.2390625 0.48203125 0.0203125 0.009375
0 0.26328125 0.48203125 0.021875 0.009375
0 0.28828125 0.48203125 0.0203125 0.009375
0 0.3140625 0.48046875 0.021875 0.009375
0 0.3390625 0.48046875 0.0203125 0.009375
0 0.3640625 0.48046875 0.021875 0.009375
0 0.740625 0.47578125 0.0203125 0.009375
0 0.71484375 0.47734375 0.021875 0.009375
0 0.68984375 0.478125 0.0203125 0.009375
0 0.6390625 0.4796875 0.021875 0.009375
0 0.58984375 0.4796875 0.0203125 0.009375
0 0.6140625 0.4796875 0.021875 0.009375
0 0.53984375 0.4796875 0.0203125 0.009375
0 0.56484375 0.478125 0.021875 0.009375
0 0.3890625 0.48203125 0.021875 0.0125
0 0.41328125 0.48203125 0.021875 0.0125
0 0.4390625 0.48046875 0.021875 0.009375
0 0.4890625 0.48046875 0.0203125 0.009375
0 0.515625 0.4796875 0.021875 0.009375
0 0.46484375 0.4796875 0.0203125 0.009375
2 0.21015625 0.19609375 0.0265625 0.1609375
3 0.21171875 0.2671875 0.025 0.0171875
3 0.21171875 0.21875 0.021875 0.0140625
3 0.21015625 0.19375 0.021875 0.009375
3 0.21171875 0.178125 0.0203125 0.009375
3 0.21171875 0.16796875 0.0203125 0.0078125
4 0.21015625 0.12734375 0.021875 0.0171875
4 0.2359375 0.12734375 0.025 0.0171875
4 0.259375 0.12734375 0.021875 0.0171875
4 0.2859375 0.12890625 0.021875 0.0171875
4 0.31015625 0.12734375 0.021875 0.0171875
4 0.33515625 0.12734375 0.021875 0.0171875
4 0.3609375 0.12734375 0.021875 0.0171875
4 0.3859375 0.1265625 0.021875 0.0203125
4 0.41015625 0.1265625 0.021875 0.0203125
4 0.43515625 0.1265625 0.021875 0.0171875
4 0.46015625 0.1265625 0.021875 0.0203125
4 0.4859375 0.1265625 0.021875 0.0203125
4 0.5109375 0.125 0.021875 0.0203125
4 0.5359375 0.125 0.021875 0.0203125
4 0.5609375 0.125 0.021875 0.0203125
4 0.5875 0.125 0.0203125 0.0203125
4 0.61171875 0.125 0.025 0.0203125
4 0.63828125 0.125 0.025 0.0171875
4 0.7875 0.12109375 0.025 0.0203125
4 0.76171875 0.12109375 0.025 0.0171875
4 0.73828125 0.12265625 0.021875 0.0171875
4 0.71171875 0.12265625 0.0234375 0.0203125
4 0.6875 0.1234375 0.021875 0.0171875
4 0.6625 0.125 0.025 0.0171875
1 0.4984375 0.125 0.6109375 0.034375
0 0.73671875 0.20703125 0.021875 0.0125
0 0.2359375 0.2140625 0.021875 0.0125
0 0.259375 0.2140625 0.0203125 0.0125
0 0.28515625 0.21484375 0.0203125 0.0125
0 0.31015625 0.21484375 0.021875 0.009375
0 0.33515625 0.21484375 0.021875 0.0125
0 0.3609375 0.21640625 0.021875 0.009375
0 0.384375 0.21640625 0.021875 0.009375
0 0.43515625 0.21484375 0.021875 0.0125
0 0.46015625 0.21640625 0.021875 0.009375
0 0.63671875 0.2125 0.021875 0.0125
0 0.61171875 0.2140625 0.021875 0.009375
0 0.5609375 0.2125 0.021875 0.0125
0 0.5109375 0.2140625 0.021875 0.009375
0 0.4859375 0.21484375 0.021875 0.0125
0 0.5359375 0.2125 0.021875 0.009375
0 0.665625 0.47734375 0.021875 0.009375
0 0.58671875 0.2125 0.0234375 0.0125
0 0.4109375 0.21640625 0.021875 0.009375