4 0.21484375 0.40234375 0.0203125 0.0171875
4 0.2390625 0.40234375 0.021875 0.0171875
4 0.2640625 0.4015625 0.021875 0.0140625
4 0.28828125 0.4015625 0.021875 0.0171875
4 0.3140625 0.4 0.021875 0.0171875
4 0.3390625 0.39921875 0.021875 0.0171875
4 0.3640625 0.4 0.021875 0.0171875
4 0.3890625 0.39921875 0.021875 0.0171875
4 0.41484375 0.4 0.021875 0.0171875
4 0.790625 0.39296875 0.021875 0.0171875
4 0.765625 0.39296875 0.021875 0.0171875
4 0.740625 0.39453125 0.025 0.0171875
4 0.71640625 0.39453125 0.025 0.0171875
4 0.68984375 0.3953125 0.025 0.0171875
4 0.665625 0.3953125 0.021875 0.0171875
4 0.640625 0.396875 0.021875 0.0171875
4 0.615625 0.39765625 0.025 0.0171875
4 0.59140625 0.39765625 0.025 0.0171875
4 0.56640625 0.39765625 0.021875 0.0171875
4 0.53984375 0.39765625 0.0234375 0.0171875
4 0.515625 0.39765625 0.021875 0.0171875
4 0.490625 0.39765625 0.021875 0.0171875
4 0.46484375 0.39921875 0.021875 0.0171875
4 0.43984375 0.39921875 0.021875 0.0171875
1 0.50390625 0.396875 0.6078125 0.034375
2 0.21484375 0.46640625 0.025 0.146875
3 0.21484375 0.5265625 0.0203125 0.0171875
3 0.21484375 0.4859375 0.0203125 0.009375
3 0.2140625 0.46171875 0.0203125 0.009375
3 0.21484375 0.4484375 0.0203125 0.009375
3 0.21484375 0.43984375 0.0203125 0.0078125
3 0.21484375 0.43125 0.0203125 0.0078125
0 0.2390625 0.48046875 0.0203125 0.0125
0 0.2640625 0.48046875 0.021875 0.0125
0 0.28828125 0.48046875 0.0203125 0.009375
0 0.3140625 0.4796875 0.0203125 0.0125
0 0.740625 0.475 0.0203125 0.0125
0 0.71484375 0.475 0.021875 0.009375
0 0.68984375 0.47578125 0.0203125 0.0125
0 0.640625 0.47734375 0.0203125 0.0125
0 0.615625 0.478125 0.0203125 0.0125
0 0.58984375 0.478125 0.0203125 0.0125
0 0.56484375 0.47734375 0.0203125 0.009375
0 0.53984375 0.478125 0.021875 0.0125
0 0.365625 0.4796875 0.021875 0.009375
0 0.3390625 0.4796875 0.0203125 0.009375
0 0.390625 0.48046875 0.021875 0.009375
0 0.41484375 0.48046875 0.021875 0.0125
0 0.490625 0.478125 0.021875 0.009375
0 0.515625 0.4796875 0.0203125 0.009375
0 0.46484375 0.4796875 0.021875 0.009375
0 0.43984375 0.48046875 0.021875 0.009375
2 0.21171875 0.19609375 0.0265625 0.1609375
3 0.2125 0.265625 0.021875 0.0140625
3 0.21171875 0.2203125 0.021875 0.0125
3 0.21171875 0.19375 0.021875 0.009375
3 0.21171875 0.17890625 0.0203125 0.009375
3 0.21171875 0.16953125 0.0203125 0.0078125
3 0.21171875 0.16328125 0.0203125 0.0046875
3 0.2125 0.15859375 0.0203125 0.0046875
4 0.21171875 0.12734375 0.021875 0.0171875
4 0.23671875 0.12734375 0.021875 0.0171875
4 0.2609375 0.12734375 0.021875 0.0171875
4 0.2859375 0.12734375 0.021875 0.0171875
4 0.7875 0.12109375 0.025 0.0171875
4 0.76328125 0.12109375 0.025 0.0140625
4 0.73828125 0.12265625 0.021875 0.0171875
4 0.7125 0.1234375 0.025 0.0171875
4 0.6875 0.1234375 0.025 0.0171875
4 0.6625 0.1234375 0.025 0.0203125
4 0.63671875 0.125 0.021875 0.0171875
4 0.61171875 0.125 0.025 0.0203125
4 0.5875 0.125 0.021875 0.0171875
4 0.5625 0.125 0.021875 0.0203125
4 0.5359375 0.125 0.021875 0.0171875
4 0.51171875 0.1265625 0.0203125 0.0171875
4 0.3109375 0.12734375 0.021875 0.0171875
4 0.33515625 0.1265625 0.021875 0.0171875
4 0.36171875 0.1265625 0.021875 0.0171875
4 0.48671875 0.1265625 0.021875 0.0203125
4 0.46171875 0.1265625 0.021875 0.0203125
4 0.4359375 0.1265625 0.021875 0.0171875
4 0.4109375 0.12734375 0.021875 0.0171875
4 0.3859375 0.1265625 0.021875 0.0203125
0 0.73671875 0.20703125 0.0203125 0.009375
0 0.2359375 0.2140625 0.0203125 0.009375
0 0.26171875 0.2125 0.0203125 0.009375
0 0.2859375 0.2140625 0.021875 0.0125
0 0.3109375 0.21484375 0.0203125 0.009375
0 0.33671875 0.2140625 0.021875 0.009375
0 0.36171875 0.21484375 0.021875 0.0125
0 0.384375 0.21484375 0.021875 0.009375
0 0.4359375 0.21484375 0.0203125 0.009375
0 0.5625 0.2125 0.0203125 0.009375
0 0.5375 0.2125 0.0203125 0.0078125
0 0.5109375 0.2140625 0.021875 0.009375
0 0.48671875 0.2140625 0.0203125 0.009375
0 0.46171875 0.2140625 0.021875 0.009375
0 0.63671875 0.21171875 0.021875 0.009375
0 0.61171875 0.2125 0.021875 0.0125
0 0.4109375 0.21484375 0.021875 0.009375
0 0.5875 0.21171875 0.0203125 0.009375