0 0.4953125 0.44453125 0.021875 0.0203125
0 0.515625 0.44140625 0.0203125 0.0140625
0 0.5375 0.4421875 0.0203125 0.0140625
0 0.5578125 0.4203125 0.0234375 0.0171875
0 0.59765625 0.33046875 0.0203125 0.0140625
0 0.61796875 0.3296875 0.021875 0.0125
0 0.63828125 0.328125 0.021875 0.0140625
0 0.8015625 0.365625 0.021875 0.0140625
0 0.8234375 0.37109375 0.021875 0.0140625
0 0.865625 0.35546875 0.021875 0.0203125
0 0.8453125 0.3109375 0.021875 0.0140625
0 0.803125 0.3421875 0.021875 0.0125
0 0.8234375 0.30546875 0.0203125 0.0125
0 0.865625 0.3140625 0.021875 0.0171875
0 0.84375 0.3484375 0.0203125 0.0125
0 0.61875 0.209375 0.021875 0.0203125
0 0.640625 0.2046875 0.0203125 0.0140625
0 0.71875 0.49296875 0.025 0.021875
0 0.696875 0.49296875 0.021875 0.021875
0 0.696875 0.53125 0.021875 0.025
0 0.6984375 0.578125 0.021875 0.021875
0 0.59765625 0.19375 0.0203125 0.0125
0 0.5984375 0.17890625 0.0203125 0.00625
0 0.5984375 0.1734375 0.0203125 0.0078125
0 0.640625 0.1765625 0.0203125 0.0046875
0 0.6203125 0.17890625 0.0203125 0.00625
0 0.6203125 0.17421875 0.0203125 0.0046875
0 0.5984375 0.16015625 0.0203125 0.0046875
0 0.74140625 0.5796875 0.021875 0.025
0 0.7203125 0.5796875 0.021875 0.025
0 0.7609375 0.49765625 0.0234375 0.025
0 0.740625 0.4953125 0.0203125 0.025
0 0.80390625 0.30390625 0.0203125 0.0125
0 0.5375 0.38828125 0.0203125 0.0125
0 0.49375 0.38671875 0.025 0.0171875
0 0.8234375 0.32109375 0.021875 0.0140625
0 0.803125 0.3171875 0.021875 0.0140625
0 0.76171875 0.47734375 0.021875 0.0140625
0 0.73828125 0.53984375 0.0203125 0.021875
0 0.71875 0.5359375 0.0203125 0.021875
0 0.7609375 0.540625 0.0234375 0.025
0 0.740625 0.475 0.021875 0.0171875
0 0.6984375 0.475 0.021875 0.0140625
4 0.4734375 0.12890625 0.021875 0.021875
4 0.49375 0.12890625 0.0203125 0.025
4 0.515625 0.12890625 0.021875 0.021875
0 0.7390625 0.4578125 0.021875 0.0171875
0 0.6984375 0.45703125 0.021875 0.0140625
0 0.7609375 0.459375 0.021875 0.0171875
0 0.7203125 0.4578125 0.0203125 0.0203125
0 0.865625 0.38125 0.021875 0.0171875
0 0.84375 0.37109375 0.0203125 0.0140625
0 0.8453125 0.359375 0.0203125 0.0125
4 0.87109375 0.13359375 0.021875 0.0203125
4 0.85078125 0.13203125 0.021875 0.021875
4 0.8296875 0.13203125 0.0203125 0.021875
4 0.80625 0.13359375 0.0265625 0.021875
4 0.6625 0.1296875 0.021875 0.021875
4 0.640625 0.13125 0.021875 0.021875
4 0.61875 0.13125 0.021875 0.021875
4 0.5984375 0.13125 0.0203125 0.021875
4 0.578125 0.1296875 0.021875 0.021875
4 0.55625 0.1296875 0.0203125 0.021875
4 0.53515625 0.12890625 0.0203125 0.021875
4 0.7453125 0.13203125 0.0203125 0.021875
4 0.765625 0.13203125 0.021875 0.021875
4 0.7234375 0.13125 0.021875 0.021875
4 0.7015625 0.13125 0.021875 0.025
4 0.6828125 0.13125 0.0203125 0.021875
1 0.6734375 0.12890625 0.428125 0.0359375