4 0.30078125 0.1265625 0.0265625 0.0203125
4 0.32578125 0.12734375 0.0265625 0.0203125
4 0.35 0.1265625 0.021875 0.021875
4 0.3734375 0.125 0.0234375 0.021875
4 0.39921875 0.1265625 0.021875 0.021875
4 0.42421875 0.12734375 0.021875 0.021875
4 0.44921875 0.1265625 0.021875 0.021875
4 0.475 0.125 0.021875 0.021875
4 0.5 0.1265625 0.021875 0.0265625
4 0.525 0.12734375 0.0203125 0.025
4 0.54921875 0.1265625 0.021875 0.0265625
4 0.57421875 0.12734375 0.0203125 0.025
4 0.60078125 0.12890625 0.0234375 0.0265625
4 0.6265625 0.12734375 0.021875 0.025
4 0.87734375 0.13359375 0.0203125 0.0203125
4 0.8484375 0.134375 0.0265625 0.021875
4 0.8234375 0.1359375 0.025 0.0203125
4 0.7984375 0.13359375 0.025 0.0203125
4 0.75 0.13203125 0.025 0.0203125
4 0.77421875 0.134375 0.0234375 0.021875
4 0.72578125 0.13125 0.0234375 0.0171875
4 0.7015625 0.13125 0.025 0.021875
4 0.6765625 0.12890625 0.0265625 0.021875
4 0.6515625 0.12890625 0.0234375 0.021875
1 0.584375 0.12890625 0.61875 0.0453125
2 0.29296875 0.3859375 0.03125 0.4671875
3 0.29453125 0.6046875 0.0234375 0.0171875
3 0.29453125 0.5625 0.021875 0.0171875
3 0.29453125 0.5296875 0.021875 0.0140625
3 0.29453125 0.50390625 0.021875 0.0125
3 0.2953125 0.4703125 0.021875 0.0125
3 0.296875 0.4359375 0.021875 0.0125
3 0.296875 0.41484375 0.021875 0.0125
3 0.29921875 0.23828125 0.0203125 0.0125
3 0.2984375 0.26328125 0.021875 0.0140625
3 0.29921875 0.2234375 0.021875 0.009375
3 0.2984375 0.3125 0.021875 0.0125
3 0.296875 0.34140625 0.025 0.0140625
0 0.31953125 0.55078125 0.021875 0.0125
0 0.34375 0.55078125 0.021875 0.0125
0 0.32109375 0.478125 0.0203125 0.0125
0 0.31953125 0.459375 0.021875 0.009375
0 0.32109375 0.428125 0.021875 0.0078125
0 0.32109375 0.4203125 0.021875 0.009375
0 0.321875 0.3640625 0.021875 0.009375
0 0.321875 0.3796875 0.021875 0.0078125
0 0.321875 0.37265625 0.021875 0.0078125
0 0.3234375 0.3125 0.021875 0.009375
0 0.3234375 0.321875 0.021875 0.009375
0 0.3453125 0.4578125 0.0234375 0.009375
0 0.3453125 0.42578125 0.021875 0.0078125
0 0.3453125 0.41953125 0.021875 0.0078125
0 0.3484375 0.33203125 0.0203125 0.0078125
0 0.32421875 0.34375 0.021875 0.0046875
0 0.3234375 0.33203125 0.021875 0.0078125
0 0.34765625 0.36328125 0.021875 0.0046875
0 0.34765625 0.36875 0.021875 0.0078125
0 0.34765625 0.37890625 0.021875 0.0078125
0 0.36875 0.5171875 0.0234375 0.0078125
0 0.36875 0.55078125 0.0234375 0.0125
0 0.3703125 0.4796875 0.021875 0.0125
0 0.36875 0.459375 0.021875 0.0125
0 0.3703125 0.42421875 0.021875 0.0078125
0 0.3703125 0.41796875 0.0234375 0.0078125
0 0.37265625 0.37734375 0.0234375 0.009375
0 0.39453125 0.4171875 0.021875 0.0078125
0 0.3953125 0.42421875 0.021875 0.0078125
0 0.39296875 0.553125 0.025 0.0203125
0 0.39453125 0.459375 0.025 0.009375
0 0.39296875 0.48046875 0.025 0.0125
0 0.37265625 0.36328125 0.021875 0.0078125
0 0.41953125 0.553125 0.025 0.0203125
0 0.41953125 0.48046875 0.025 0.0125
0 0.41953125 0.46171875 0.025 0.0125
0 0.4203125 0.42578125 0.025 0.009375
0 0.4203125 0.415625 0.025 0.0125
0 0.4203125 0.375 0.021875 0.009375
0 0.396875 0.3609375 0.021875 0.009375
0 0.421875 0.36640625 0.021875 0.0078125
0 0.421875 0.359375 0.021875 0.009375
0 0.4234375 0.33046875 0.021875 0.0078125
0 0.39765625 0.375 0.021875 0.009375
0 0.44609375 0.46171875 0.021875 0.009375
0 0.44609375 0.4828125 0.021875 0.009375
0 0.44609375 0.4171875 0.021875 0.0078125
0 0.44609375 0.42421875 0.021875 0.0078125
0 0.44453125 0.55546875 0.025 0.0140625
0 0.446875 0.3578125 0.021875 0.0078125
0 0.3734375 0.33046875 0.021875 0.0078125
0 0.47109375 0.55625 0.025 0.0171875
0 0.47109375 0.48046875 0.025 0.009375
0 0.47109375 0.46171875 0.025 0.0125
0 0.47109375 0.42578125 0.021875 0.0078125
0 0.47109375 0.41796875 0.025 0.009375
0 0.47265625 0.3734375 0.025 0.009375
0 0.77421875 0.4359375 0.021875 0.009375
0 0.77421875 0.428125 0.0234375 0.009375
0 0.77421875 0.47265625 0.0234375 0.009375
0 0.77265625 0.384375 0.021875 0.0078125
0 0.77421875 0.3765625 0.021875 0.0078125
0 0.77421875 0.36796875 0.021875 0.009375
0 0.77421875 0.33671875 0.021875 0.0078125
0 0.77421875 0.3265625 0.021875 0.009375
0 0.77421875 0.31484375 0.021875 0.0078125
0 0.77421875 0.5609375 0.021875 0.009375
0 0.77421875 0.49140625 0.021875 0.009375
0 0.75 0.5609375 0.021875 0.0125
0 0.725 0.56015625 0.021875 0.0125
0 0.725 0.4890625 0.0203125 0.009375
0 0.72578125 0.46875 0.0203125 0.009375
0 0.72578125 0.43359375 0.0203125 0.0078125
0 0.725 0.4265625 0.0203125 0.009375
0 0.725 0.38125 0.021875 0.0078125
0 0.725 0.3734375 0.021875 0.0078125
0 0.725 0.36640625 0.021875 0.0078125
0 0.6265625 0.55859375 0.025 0.0140625
0 0.6265625 0.4671875 0.025 0.009375
0 0.6265625 0.4984375 0.025 0.0125
0 0.8453125 0.5640625 0.021875 0.0203125
0 0.8453125 0.49296875 0.021875 0.0125
0 0.8453125 0.4734375 0.021875 0.009375
0 0.8453125 0.42890625 0.0203125 0.009375
0 0.821875 0.43046875 0.021875 0.0078125
0 0.821875 0.4375 0.021875 0.0078125
0 0.821875 0.4734375 0.0203125 0.009375
0 0.82109375 0.5625 0.021875 0.009375
0 0.821875 0.49296875 0.0203125 0.009375
0 0.84765625 0.36875 0.0203125 0.009375
0 0.82421875 0.3375 0.021875 0.009375
0 0.8234375 0.328125 0.021875 0.009375
0 0.8234375 0.3859375 0.021875 0.009375
0 0.8234375 0.37734375 0.021875 0.0078125
0 0.8234375 0.3703125 0.021875 0.0078125
0 0.79921875 0.3375 0.021875 0.009375
0 0.79921875 0.328125 0.021875 0.009375
0 0.7984375 0.4375 0.021875 0.0078125
0 0.7984375 0.43046875 0.025 0.0078125
0 0.7984375 0.47109375 0.021875 0.009375
0 0.79921875 0.49140625 0.021875 0.0078125
0 0.7984375 0.5609375 0.025 0.0125
0 0.8453125 0.44609375 0.0203125 0.0078125
0 0.8453125 0.4375 0.021875 0.009375
0 0.79921875 0.3859375 0.021875 0.009375
0 0.79921875 0.3765625 0.025 0.0078125
0 0.79921875 0.36875 0.025 0.0078125
0 0.3734375 0.31953125 0.021875 0.0046875
0 0.47265625 0.328125 0.021875 0.009375
0 0.47109375 0.3578125 0.021875 0.0078125
0 0.47265625 0.365625 0.025 0.0078125
0 0.49765625 0.55546875 0.0265625 0.0140625
0 0.49765625 0.521875 0.025 0.009375
0 0.49765625 0.4828125 0.0265625 0.009375
0 0.49765625 0.4640625 0.021875 0.009375
0 0.49765625 0.41953125 0.025 0.009375
0 0.49765625 0.4265625 0.025 0.0078125
0 0.49765625 0.359375 0.021875 0.0078125
0 0.49765625 0.365625 0.021875 0.0078125
0 0.6 0.37734375 0.021875 0.009375
0 0.60078125 0.36875 0.021875 0.0078125
0 0.6 0.3609375 0.025 0.0078125
0 0.6 0.43046875 0.025 0.0078125
0 0.6 0.4234375 0.025 0.0078125
0 0.60078125 0.46640625 0.0234375 0.009375
0 0.60078125 0.48671875 0.021875 0.009375
0 0.6 0.5578125 0.025 0.0125
0 0.6515625 0.5578125 0.021875 0.0125
0 0.67578125 0.5578125 0.025 0.0125
0 0.70078125 0.5578125 0.025 0.0125
0 0.57421875 0.5578125 0.025 0.0140625
0 0.5484375 0.55625 0.025 0.0125
0 0.52265625 0.55625 0.0234375 0.0140625
0 0.5484375 0.4640625 0.021875 0.009375
0 0.57421875 0.46484375 0.025 0.009375
0 0.57421875 0.4859375 0.021875 0.009375
0 0.54921875 0.4859375 0.025 0.009375
0 0.52265625 0.4640625 0.0234375 0.009375
0 0.52421875 0.484375 0.0234375 0.009375
0 0.70078125 0.4671875 0.021875 0.009375
0 0.7015625 0.4890625 0.025 0.0125
0 0.67578125 0.4671875 0.025 0.009375
0 0.6765625 0.48671875 0.0234375 0.0125
0 0.65 0.46640625 0.025 0.0125
0 0.65 0.48671875 0.025 0.0125
0 0.47109375 0.51953125 0.025 0.0125
0 0.44609375 0.51953125 0.025 0.0078125
0 0.70078125 0.4328125 0.021875 0.0078125
0 0.70078125 0.42578125 0.025 0.009375
0 0.70078125 0.3796875 0.021875 0.0078125
0 0.70078125 0.37265625 0.021875 0.0078125
0 0.70078125 0.36640625 0.021875 0.0078125
0 0.67578125 0.43125 0.021875 0.0078125
0 0.67578125 0.4234375 0.025 0.009375
0 0.67578125 0.38125 0.025 0.009375
0 0.67421875 0.37109375 0.025 0.0078125
0 0.67421875 0.3640625 0.025 0.0078125
0 0.67421875 0.334375 0.021875 0.009375
0 0.67421875 0.32421875 0.025 0.009375
0 0.725 0.3234375 0.021875 0.009375
0 0.725 0.3328125 0.021875 0.0125
0 0.57421875 0.3765625 0.021875 0.0078125
0 0.57421875 0.3609375 0.025 0.0078125
0 0.57421875 0.36875 0.025 0.0078125
0 0.57421875 0.421875 0.021875 0.009375
0 0.57421875 0.43046875 0.021875 0.0078125
0 0.6 0.33203125 0.025 0.0078125
0 0.6 0.32109375 0.021875 0.009375
0 0.54921875 0.42890625 0.021875 0.0078125
0 0.54921875 0.4203125 0.021875 0.0078125
0 0.52265625 0.428125 0.0234375 0.0078125
0 0.52265625 0.4203125 0.0234375 0.0078125
0 0.52265625 0.375 0.021875 0.009375
0 0.52265625 0.36796875 0.021875 0.0078125
0 0.52421875 0.3609375 0.0234375 0.0078125
0 0.54921875 0.375 0.021875 0.009375
0 0.54921875 0.36796875 0.021875 0.0078125
0 0.5484375 0.36171875 0.021875 0.0078125
0 0.57421875 0.33046875 0.021875 0.009375
0 0.57421875 0.32109375 0.025 0.009375
0 0.54921875 0.3296875 0.025 0.009375
0 0.54921875 0.31953125 0.025 0.0078125
0 0.52421875 0.33046875 0.0234375 0.0078125
0 0.52421875 0.32109375 0.0234375 0.0078125
0 0.6515625 0.43046875 0.021875 0.009375
0 0.65 0.421875 0.025 0.009375
0 0.6515625 0.3796875 0.021875 0.009375
0 0.65 0.3703125 0.021875 0.0078125
0 0.65 0.36328125 0.021875 0.009375
0 0.65 0.334375 0.021875 0.009375
0 0.65 0.32421875 0.021875 0.009375
0 0.32109375 0.4359375 0.021875 0.009375
0 0.47109375 0.43515625 0.021875 0.009375
0 0.3703125 0.43125 0.021875 0.0078125