4 0.3015625 0.125 0.0234375 0.0203125
4 0.3265625 0.125 0.0234375 0.021875
4 0.35234375 0.1265625 0.021875 0.0203125
4 0.37734375 0.1265625 0.0234375 0.021875
4 0.4015625 0.12734375 0.021875 0.021875
4 0.4265625 0.12734375 0.021875 0.021875
4 0.4515625 0.125 0.021875 0.021875
4 0.47734375 0.1265625 0.021875 0.0203125
4 0.50234375 0.12734375 0.021875 0.021875
2 0.29921875 0.38828125 0.03125 0.4671875
3 0.296875 0.603125 0.025 0.0171875
3 0.2953125 0.5640625 0.021875 0.0125
3 0.296875 0.52890625 0.021875 0.0125
3 0.296875 0.50234375 0.021875 0.0125
3 0.2984375 0.46875 0.0203125 0.009375
3 0.29921875 0.4359375 0.0203125 0.009375
3 0.29921875 0.41484375 0.021875 0.0078125
3 0.29921875 0.34140625 0.021875 0.0125
3 0.30078125 0.3109375 0.021875 0.0125
3 0.30078125 0.26328125 0.025 0.0125
3 0.30078125 0.2359375 0.021875 0.0125
3 0.30078125 0.22265625 0.025 0.0125
4 0.52734375 0.1265625 0.025 0.021875
4 0.55390625 0.12890625 0.021875 0.021875
4 0.578125 0.12734375 0.021875 0.0203125
4 0.603125 0.12890625 0.025 0.021875
4 0.6296875 0.1296875 0.021875 0.021875
4 0.6546875 0.13125 0.021875 0.021875
4 0.67890625 0.13125 0.021875 0.021875
4 0.7046875 0.1296875 0.021875 0.0203125
4 0.7296875 0.13125 0.021875 0.0171875
4 0.75234375 0.13125 0.021875 0.0171875
4 0.7765625 0.13203125 0.0234375 0.0203125
4 0.80390625 0.13203125 0.021875 0.021875
4 0.828125 0.13359375 0.025 0.0203125
4 0.853125 0.134375 0.025 0.021875
1 0.57578125 0.12734375 0.5921875 0.0453125
0 0.32109375 0.55078125 0.021875 0.0125
0 0.34609375 0.55078125 0.021875 0.0125
0 0.3703125 0.55078125 0.021875 0.0140625
0 0.3953125 0.55390625 0.0234375 0.0140625
0 0.8484375 0.5640625 0.025 0.0203125
0 0.79921875 0.5609375 0.021875 0.0140625
0 0.72734375 0.56015625 0.021875 0.0140625
0 0.703125 0.55859375 0.021875 0.0140625
0 0.6765625 0.55859375 0.0234375 0.0125
0 0.4203125 0.55390625 0.025 0.0171875
0 0.446875 0.55546875 0.025 0.0171875
0 0.47265625 0.55546875 0.025 0.0171875
0 0.4984375 0.55625 0.0265625 0.0140625
0 0.62734375 0.56015625 0.025 0.0125
0 0.65234375 0.55859375 0.021875 0.0125
0 0.5765625 0.5578125 0.025 0.0125
0 0.60234375 0.5578125 0.0234375 0.0125
0 0.55078125 0.5578125 0.021875 0.0125
0 0.525 0.5578125 0.025 0.0140625
0 0.7515625 0.5609375 0.021875 0.0140625
0 0.7765625 0.5609375 0.0234375 0.0125
0 0.82421875 0.5640625 0.025 0.0125
0 0.321875 0.478125 0.0203125 0.009375
0 0.32109375 0.459375 0.021875 0.009375
0 0.37109375 0.459375 0.021875 0.009375
0 0.37109375 0.4796875 0.021875 0.0125
0 0.421875 0.46015625 0.021875 0.0125
0 0.4203125 0.48203125 0.021875 0.0125
0 0.446875 0.46171875 0.025 0.0125
0 0.446875 0.48203125 0.021875 0.0125
0 0.396875 0.46015625 0.025 0.0125
0 0.396875 0.48046875 0.021875 0.0125
0 0.7765625 0.47109375 0.021875 0.0125
0 0.8015625 0.47265625 0.021875 0.0125
0 0.8234375 0.4734375 0.021875 0.0125
0 0.8484375 0.49375 0.021875 0.0125
0 0.84609375 0.4734375 0.021875 0.0125
0 0.80078125 0.49375 0.021875 0.0125
0 0.82421875 0.49296875 0.021875 0.009375
0 0.728125 0.46875 0.021875 0.0125
0 0.72734375 0.48828125 0.021875 0.009375
0 0.57578125 0.46640625 0.025 0.0125
0 0.5765625 0.48671875 0.021875 0.009375
0 0.60234375 0.46640625 0.0234375 0.0125
0 0.65234375 0.46640625 0.025 0.0140625
0 0.47265625 0.46171875 0.025 0.0125
0 0.47265625 0.48203125 0.021875 0.0125
0 0.4984375 0.4625 0.025 0.0125
0 0.49765625 0.4828125 0.021875 0.0125
0 0.55078125 0.4859375 0.0203125 0.009375
0 0.55078125 0.46484375 0.025 0.0125
0 0.525 0.4640625 0.025 0.0125
0 0.525 0.484375 0.025 0.0125
0 0.60078125 0.48828125 0.0234375 0.009375
0 0.67890625 0.46875 0.021875 0.009375
0 0.703125 0.46875 0.021875 0.009375
0 0.7046875 0.490625 0.025 0.0125
0 0.65234375 0.48671875 0.025 0.0125
0 0.7765625 0.49140625 0.0234375 0.0125
0 0.421875 0.42421875 0.025 0.0078125
0 0.421875 0.4171875 0.021875 0.0078125
0 0.396875 0.42578125 0.021875 0.0078125
0 0.396875 0.4171875 0.021875 0.0078125
0 0.4484375 0.41796875 0.021875 0.009375
0 0.5 0.41953125 0.021875 0.009375
0 0.5 0.428125 0.025 0.0078125
0 0.4734375 0.4265625 0.025 0.009375
0 0.4734375 0.41796875 0.025 0.009375
0 0.60234375 0.43125 0.021875 0.009375
0 0.60234375 0.4234375 0.0234375 0.009375
0 0.65390625 0.4328125 0.021875 0.009375
0 0.65234375 0.4234375 0.025 0.009375
0 0.82421875 0.4390625 0.021875 0.0078125
0 0.82578125 0.43125 0.021875 0.0078125
0 0.7765625 0.4359375 0.0234375 0.0078125
0 0.7765625 0.43046875 0.0234375 0.0078125
0 0.8015625 0.43125 0.025 0.009375
0 0.8015625 0.4390625 0.025 0.0078125
0 0.67890625 0.43125 0.021875 0.009375
0 0.67890625 0.4234375 0.021875 0.009375
0 0.728125 0.43359375 0.0203125 0.0078125
0 0.728125 0.4265625 0.021875 0.009375
0 0.3234375 0.428125 0.021875 0.0078125
0 0.3234375 0.421875 0.0234375 0.0078125
0 0.34765625 0.4203125 0.021875 0.0078125
0 0.34765625 0.42578125 0.021875 0.0078125
0 0.37265625 0.4171875 0.0234375 0.0078125
0 0.37265625 0.42578125 0.021875 0.0078125
0 0.5765625 0.421875 0.025 0.009375
0 0.5765625 0.43046875 0.025 0.0078125
0 0.525 0.4203125 0.025 0.009375
0 0.525 0.42890625 0.025 0.0078125
0 0.55078125 0.421875 0.025 0.009375
0 0.55078125 0.43046875 0.025 0.0078125
0 0.7046875 0.42578125 0.021875 0.009375
0 0.7046875 0.4328125 0.025 0.0078125
0 0.8484375 0.43046875 0.0203125 0.0078125
0 0.32578125 0.3640625 0.021875 0.0078125
0 0.32421875 0.3703125 0.021875 0.0046875
0 0.32578125 0.32109375 0.021875 0.009375
0 0.32421875 0.3796875 0.021875 0.0078125
0 0.3484375 0.3796875 0.021875 0.0078125
0 0.35 0.36328125 0.021875 0.0078125
0 0.35 0.3703125 0.021875 0.0078125
0 0.4234375 0.3734375 0.021875 0.0078125
0 0.42421875 0.359375 0.021875 0.0078125
0 0.4234375 0.36640625 0.025 0.0078125
0 0.375 0.36328125 0.021875 0.0078125
0 0.3734375 0.37734375 0.0203125 0.0078125
0 0.375 0.3703125 0.021875 0.0078125
0 0.39921875 0.36171875 0.021875 0.0078125
0 0.82578125 0.3859375 0.021875 0.009375
0 0.82578125 0.37109375 0.021875 0.0078125
0 0.8265625 0.37890625 0.021875 0.0078125
0 0.7765625 0.36875 0.021875 0.009375
0 0.7765625 0.384375 0.021875 0.009375
0 0.7765625 0.37734375 0.021875 0.0078125
0 0.8015625 0.3703125 0.025 0.0078125
0 0.8015625 0.3859375 0.025 0.009375
0 0.8015625 0.37890625 0.025 0.0078125
0 0.678125 0.3796875 0.021875 0.009375
0 0.678125 0.37109375 0.021875 0.0078125
0 0.678125 0.3640625 0.021875 0.0078125
0 0.603125 0.37734375 0.0203125 0.009375
0 0.603125 0.3609375 0.025 0.0078125
0 0.603125 0.36875 0.025 0.009375
0 0.65390625 0.37890625 0.021875 0.009375
0 0.65390625 0.3640625 0.025 0.0078125
0 0.65234375 0.3703125 0.025 0.0078125
0 0.475 0.37265625 0.021875 0.0078125
0 0.5765625 0.3765625 0.025 0.009375
0 0.5765625 0.3609375 0.025 0.0078125
0 0.5765625 0.36796875 0.025 0.0078125
0 0.703125 0.3796875 0.021875 0.009375
0 0.703125 0.365625 0.025 0.0078125
0 0.703125 0.37109375 0.025 0.009375
0 0.525 0.375 0.025 0.009375
0 0.525 0.36640625 0.025 0.0078125
0 0.5265625 0.3609375 0.0234375 0.0078125
0 0.5515625 0.375 0.021875 0.0078125
0 0.5515625 0.36796875 0.0234375 0.0078125
0 0.5515625 0.3609375 0.0234375 0.0078125
0 0.72734375 0.38203125 0.0203125 0.0078125
0 0.72734375 0.3734375 0.021875 0.009375
0 0.72734375 0.36640625 0.021875 0.0078125
0 0.475 0.35703125 0.021875 0.0078125
0 0.475 0.365625 0.021875 0.009375
0 0.5 0.359375 0.021875 0.009375
0 0.8265625 0.3390625 0.021875 0.0078125
0 0.8265625 0.328125 0.021875 0.009375
0 0.7765625 0.32578125 0.021875 0.0078125
0 0.7765625 0.33671875 0.021875 0.009375
0 0.8015625 0.328125 0.025 0.009375
0 0.8015625 0.3375 0.021875 0.0125
0 0.678125 0.3234375 0.021875 0.009375
0 0.678125 0.3328125 0.021875 0.009375
0 0.32578125 0.33203125 0.021875 0.0078125
0 0.5515625 0.328125 0.021875 0.0078125
0 0.55078125 0.31953125 0.025 0.009375
0 0.5765625 0.33046875 0.021875 0.009375
0 0.57578125 0.31953125 0.025 0.009375
0 0.603125 0.321875 0.025 0.0125
0 0.60234375 0.33203125 0.0234375 0.009375
0 0.42421875 0.33046875 0.025 0.0078125
0 0.42578125 0.32109375 0.021875 0.009375
0 0.35 0.33046875 0.021875 0.0078125
0 0.65234375 0.334375 0.025 0.0078125
0 0.65234375 0.32421875 0.025 0.009375
0 0.72734375 0.334375 0.021875 0.009375
0 0.72734375 0.32578125 0.021875 0.009375
0 0.525 0.33046875 0.025 0.009375
0 0.525 0.32109375 0.025 0.009375
0 0.3765625 0.33046875 0.021875 0.0078125
0 0.475 0.3265625 0.021875 0.009375
0 0.475 0.31875 0.025 0.009375
0 0.85 0.36640625 0.0203125 0.009375
3 0.30078125 0.1984375 0.0265625 0.0140625