4 0.29453125 0.1265625 0.0234375 0.0203125
4 0.31953125 0.1265625 0.021875 0.0203125
4 0.3453125 0.12734375 0.021875 0.021875
4 0.3703125 0.1265625 0.021875 0.021875
4 0.8703125 0.13203125 0.0265625 0.0203125
4 0.84375 0.13359375 0.025 0.0203125
4 0.81875 0.1390625 0.025 0.0203125
4 0.79453125 0.13671875 0.025 0.0171875
4 0.3953125 0.12734375 0.0203125 0.025
4 0.4203125 0.12734375 0.0203125 0.025
4 0.44453125 0.125 0.021875 0.021875
4 0.47109375 0.1265625 0.021875 0.021875
4 0.49609375 0.1265625 0.021875 0.025
4 0.771875 0.13828125 0.021875 0.0171875
4 0.74609375 0.13359375 0.025 0.0203125
4 0.72265625 0.13125 0.0203125 0.021875
4 0.696875 0.1296875 0.021875 0.021875
4 0.67421875 0.12890625 0.021875 0.021875
4 0.64765625 0.1296875 0.0203125 0.0171875
4 0.62265625 0.1296875 0.0203125 0.0171875
4 0.59765625 0.12734375 0.0203125 0.021875
4 0.571875 0.12890625 0.0203125 0.021875
4 0.546875 0.1265625 0.0203125 0.021875
4 0.521875 0.1265625 0.0203125 0.025
1 0.58046875 0.1296875 0.625 0.0484375
3 0.28984375 0.6046875 0.0234375 0.0171875
3 0.290625 0.5640625 0.021875 0.0171875
3 0.290625 0.53125 0.0203125 0.0125
3 0.290625 0.5046875 0.021875 0.0125
3 0.290625 0.4703125 0.0203125 0.0125
3 0.29296875 0.4375 0.0203125 0.009375
3 0.29296875 0.4171875 0.0203125 0.009375
3 0.29453125 0.3421875 0.021875 0.0125
3 0.29296875 0.3140625 0.0203125 0.0125
3 0.29453125 0.2640625 0.021875 0.0125
3 0.29453125 0.23828125 0.021875 0.009375
3 0.2953125 0.22265625 0.0203125 0.009375
3 0.29453125 0.21484375 0.021875 0.0046875
0 0.31640625 0.5515625 0.021875 0.0171875
0 0.31640625 0.48046875 0.021875 0.0125
0 0.31640625 0.46015625 0.021875 0.0125
0 0.3171875 0.421875 0.021875 0.009375
0 0.3171875 0.43046875 0.021875 0.0078125
0 0.31953125 0.365625 0.021875 0.0078125
0 0.31875 0.38125 0.021875 0.0078125
0 0.31875 0.37265625 0.021875 0.0078125
0 0.31953125 0.321875 0.021875 0.009375
0 0.31953125 0.33203125 0.0203125 0.0078125
0 0.31875 0.3453125 0.021875 0.0078125
0 0.31875 0.3125 0.021875 0.009375
0 0.390625 0.55546875 0.021875 0.0125
0 0.390625 0.48046875 0.021875 0.0125
0 0.390625 0.46171875 0.021875 0.009375
0 0.39296875 0.3765625 0.0203125 0.0078125
0 0.39453125 0.36328125 0.0203125 0.0046875
0 0.41796875 0.3609375 0.021875 0.0046875
0 0.4171875 0.36796875 0.021875 0.0078125
0 0.41796875 0.375 0.021875 0.0078125
0 0.41953125 0.33203125 0.021875 0.0078125
0 0.4171875 0.4171875 0.021875 0.009375
0 0.4171875 0.4265625 0.025 0.0078125
0 0.415625 0.46171875 0.025 0.0125
0 0.415625 0.48203125 0.021875 0.0125
0 0.415625 0.55390625 0.025 0.0203125
0 0.390625 0.41796875 0.021875 0.009375
0 0.390625 0.4265625 0.021875 0.0078125
0 0.365625 0.5515625 0.021875 0.0140625
0 0.365625 0.5171875 0.021875 0.0125
0 0.36640625 0.48046875 0.021875 0.0125
0 0.36640625 0.46171875 0.021875 0.0125
0 0.36640625 0.4265625 0.021875 0.0078125
0 0.36640625 0.41796875 0.021875 0.0078125
0 0.3703125 0.3640625 0.021875 0.0046875
0 0.36875 0.37890625 0.0203125 0.0078125
0 0.3703125 0.3703125 0.021875 0.0078125
0 0.39296875 0.36875 0.021875 0.0078125
0 0.3703125 0.33203125 0.0203125 0.0078125
0 0.3703125 0.321875 0.0203125 0.0078125
0 0.34375 0.33203125 0.021875 0.0078125
0 0.34375 0.3640625 0.021875 0.0078125
0 0.34375 0.37109375 0.021875 0.0078125
0 0.34375 0.3796875 0.021875 0.009375
0 0.3421875 0.4203125 0.021875 0.0046875
0 0.3421875 0.4265625 0.021875 0.0078125
0 0.33984375 0.46015625 0.021875 0.0125
0 0.33984375 0.5515625 0.021875 0.0125
0 0.41953125 0.321875 0.021875 0.0078125
0 0.8421875 0.5625 0.025 0.0171875
0 0.84140625 0.49296875 0.0203125 0.0140625
0 0.84140625 0.50703125 0.0203125 0.0125
0 0.84140625 0.47265625 0.0203125 0.009375
0 0.84140625 0.48046875 0.0203125 0.0078125
0 0.8421875 0.446875 0.0203125 0.0078125
0 0.8421875 0.43046875 0.0203125 0.0078125
0 0.84140625 0.4375 0.0203125 0.0078125
0 0.84375 0.36796875 0.0203125 0.009375
0 0.82109375 0.3375 0.021875 0.0078125
0 0.82109375 0.3296875 0.021875 0.009375
0 0.81953125 0.3703125 0.021875 0.0078125
0 0.81953125 0.37734375 0.021875 0.0078125
0 0.81953125 0.38671875 0.021875 0.009375
0 0.81953125 0.5625 0.021875 0.0125
0 0.81875 0.4734375 0.0203125 0.009375
0 0.81875 0.49375 0.0203125 0.009375
0 0.81875 0.4375 0.0203125 0.0078125
0 0.81875 0.43046875 0.021875 0.009375
0 0.49296875 0.55625 0.025 0.0171875
0 0.49140625 0.521875 0.021875 0.009375
0 0.49296875 0.484375 0.021875 0.009375
0 0.49375 0.4640625 0.021875 0.009375
0 0.49296875 0.4265625 0.021875 0.0078125
0 0.49296875 0.41953125 0.021875 0.0078125
0 0.49296875 0.359375 0.021875 0.0078125
0 0.4671875 0.55546875 0.0265625 0.0171875
0 0.4671875 0.5203125 0.021875 0.0125
0 0.4671875 0.46171875 0.025 0.009375
0 0.4671875 0.4828125 0.021875 0.0125
0 0.4671875 0.4265625 0.021875 0.009375
0 0.4671875 0.41796875 0.025 0.009375
0 0.46875 0.3734375 0.021875 0.0078125
0 0.4671875 0.36640625 0.021875 0.0078125
0 0.46875 0.359375 0.021875 0.0078125
0 0.46875 0.328125 0.021875 0.0078125
0 0.46875 0.31875 0.021875 0.009375
0 0.4421875 0.55546875 0.025 0.0171875
0 0.4421875 0.4625 0.025 0.009375
0 0.4421875 0.484375 0.025 0.009375
0 0.4421875 0.42421875 0.021875 0.0078125
0 0.4421875 0.41796875 0.021875 0.0078125
0 0.44375 0.359375 0.021875 0.0078125
0 0.6234375 0.55859375 0.025 0.0125
0 0.64765625 0.5578125 0.021875 0.0125
0 0.671875 0.55859375 0.021875 0.0125
0 0.6984375 0.5578125 0.021875 0.0125
0 0.72109375 0.56015625 0.021875 0.0125
0 0.74609375 0.56015625 0.021875 0.009375
0 0.79453125 0.5609375 0.025 0.0140625
0 0.51953125 0.55625 0.025 0.0125
0 0.5453125 0.55625 0.025 0.0125
0 0.57109375 0.55625 0.0234375 0.0125
0 0.59765625 0.5578125 0.025 0.0140625
0 0.57109375 0.48671875 0.021875 0.009375
0 0.57109375 0.46640625 0.0234375 0.0125
0 0.59609375 0.46640625 0.025 0.009375
0 0.59609375 0.48828125 0.021875 0.009375
0 0.64765625 0.46875 0.0234375 0.009375
0 0.62265625 0.4984375 0.025 0.009375
0 0.62109375 0.4671875 0.025 0.009375
0 0.671875 0.4671875 0.021875 0.009375
0 0.696875 0.4671875 0.021875 0.009375
0 0.696875 0.490625 0.021875 0.009375
0 0.72265625 0.48828125 0.0203125 0.009375
0 0.72109375 0.46875 0.021875 0.009375
0 0.64765625 0.4890625 0.021875 0.0078125
0 0.6734375 0.4890625 0.021875 0.009375
0 0.54453125 0.4859375 0.021875 0.009375
0 0.54453125 0.46484375 0.021875 0.009375
0 0.51796875 0.4640625 0.025 0.009375
0 0.51953125 0.4859375 0.025 0.009375
0 0.7703125 0.47109375 0.0234375 0.009375
0 0.79453125 0.47109375 0.021875 0.009375
0 0.79453125 0.49296875 0.021875 0.0125
0 0.7953125 0.43046875 0.021875 0.0078125
0 0.7953125 0.4375 0.021875 0.009375
0 0.7703125 0.42890625 0.021875 0.009375
0 0.7703125 0.4359375 0.0234375 0.0078125
0 0.79453125 0.3859375 0.021875 0.0078125
0 0.7953125 0.37734375 0.021875 0.009375
0 0.79453125 0.3703125 0.025 0.0078125
0 0.7703125 0.38359375 0.021875 0.0078125
0 0.7703125 0.3765625 0.021875 0.0078125
0 0.7703125 0.36796875 0.021875 0.009375
0 0.7953125 0.3375 0.021875 0.0078125
0 0.7953125 0.3265625 0.025 0.0078125
0 0.7703125 0.32578125 0.021875 0.0078125
0 0.7703125 0.33671875 0.021875 0.009375
0 0.696875 0.334375 0.021875 0.0078125
0 0.72109375 0.3328125 0.021875 0.0078125
0 0.671875 0.3640625 0.021875 0.009375
0 0.671875 0.3796875 0.021875 0.009375
0 0.671875 0.37109375 0.021875 0.0078125
0 0.6734375 0.43125 0.021875 0.0078125
0 0.671875 0.4234375 0.021875 0.009375
0 0.51953125 0.4203125 0.021875 0.009375
0 0.51953125 0.428125 0.021875 0.009375
0 0.51953125 0.4375 0.021875 0.009375
0 0.5453125 0.421875 0.025 0.0078125
0 0.54453125 0.43046875 0.021875 0.009375
0 0.59609375 0.4234375 0.021875 0.009375
0 0.59765625 0.43046875 0.025 0.0078125
0 0.57109375 0.421875 0.021875 0.009375
0 0.57109375 0.43046875 0.021875 0.0078125
0 0.696875 0.42578125 0.021875 0.009375
0 0.696875 0.4328125 0.021875 0.009375
0 0.72109375 0.4265625 0.021875 0.009375
0 0.72265625 0.43359375 0.021875 0.0078125
0 0.64765625 0.4234375 0.0234375 0.0125
0 0.646875 0.4328125 0.025 0.0078125
0 0.3171875 0.4375 0.021875 0.0078125
0 0.646875 0.37890625 0.021875 0.0078125
0 0.646875 0.37109375 0.021875 0.0078125
0 0.646875 0.3640625 0.021875 0.0078125
0 0.51953125 0.3765625 0.021875 0.009375
0 0.51953125 0.36796875 0.021875 0.0078125
0 0.51953125 0.3609375 0.021875 0.0078125
0 0.57109375 0.37734375 0.021875 0.009375
0 0.57109375 0.36875 0.021875 0.0078125
0 0.57109375 0.36328125 0.0234375 0.0078125
0 0.59609375 0.37890625 0.021875 0.009375
0 0.59609375 0.3703125 0.021875 0.0078125
0 0.59609375 0.36171875 0.021875 0.0078125
0 0.671875 0.33515625 0.021875 0.0078125
0 0.671875 0.32421875 0.021875 0.009375
0 0.59765625 0.3328125 0.021875 0.0078125
0 0.59609375 0.321875 0.021875 0.0078125
0 0.5453125 0.33046875 0.021875 0.009375
0 0.5453125 0.31953125 0.021875 0.009375
0 0.571875 0.33046875 0.0203125 0.009375
0 0.51953125 0.33046875 0.025 0.009375
0 0.51953125 0.31953125 0.021875 0.009375
0 0.57109375 0.31953125 0.021875 0.0078125
0 0.72109375 0.38203125 0.0203125 0.0078125
0 0.72265625 0.3734375 0.0203125 0.0078125
0 0.72109375 0.36640625 0.0203125 0.0078125
0 0.696875 0.38125 0.021875 0.0078125
0 0.696875 0.3734375 0.021875 0.0078125
0 0.696875 0.36640625 0.021875 0.0078125
0 0.671875 0.34375 0.021875 0.0078125
0 0.81953125 0.35078125 0.0203125 0.0078125
0 0.5453125 0.37734375 0.021875 0.009375
0 0.54453125 0.36875 0.021875 0.0078125
0 0.5453125 0.36171875 0.021875 0.0078125
0 0.646875 0.334375 0.021875 0.009375
0 0.646875 0.32421875 0.021875 0.0078125
2 0.290625 0.3890625 0.0328125 0.459375