2 0.24609375 0.3578125 0.0390625 0.571875
3 0.2453125 0.62890625 0.0265625 0.0203125
3 0.24375 0.58046875 0.0265625 0.0140625
3 0.24375 0.53828125 0.025 0.0140625
3 0.24609375 0.421875 0.021875 0.009375
3 0.2453125 0.4625 0.0234375 0.009375
3 0.24765625 0.396875 0.0265625 0.009375
3 0.2484375 0.30390625 0.025 0.0171875
3 0.2484375 0.26953125 0.0265625 0.0171875
3 0.25 0.20703125 0.0265625 0.0171875
3 0.25 0.17421875 0.0265625 0.0171875
3 0.25 0.1578125 0.0265625 0.0140625
3 0.25 0.146875 0.0265625 0.0046875
3 0.25 0.13828125 0.0265625 0.0078125
4 0.2484375 0.0375 0.0296875 0.025
4 0.28125 0.0375 0.0296875 0.0296875
4 0.3109375 0.0375 0.0265625 0.0265625
4 0.34375 0.03828125 0.0265625 0.0265625
4 0.3734375 0.03828125 0.0265625 0.0296875
4 0.4046875 0.03984375 0.0265625 0.0296875
4 0.4359375 0.0375 0.0265625 0.0265625
4 0.4671875 0.0375 0.0265625 0.0265625
4 0.5 0.0375 0.0265625 0.03125
4 0.5296875 0.03828125 0.025 0.0296875
4 0.5609375 0.0375 0.0265625 0.0359375
4 0.59375 0.0375 0.0265625 0.0296875
4 0.625 0.03828125 0.025 0.0265625
4 0.65390625 0.03828125 0.025 0.0265625
4 0.6875 0.040625 0.0265625 0.025
4 0.7171875 0.0421875 0.0265625 0.0234375
4 0.75 0.04453125 0.0265625 0.0265625
4 0.77890625 0.04296875 0.0265625 0.0296875
4 0.83984375 0.046875 0.0265625 0.0296875
4 0.80859375 0.046875 0.0265625 0.0296875
4 0.87109375 0.0484375 0.0296875 0.0296875
4 0.90234375 0.0484375 0.0296875 0.0328125
4 0.93359375 0.04921875 0.0296875 0.03125
4 0.9640625 0.04921875 0.0296875 0.034375
1 0.6046875 0.0421875 0.759375 0.0578125
0 0.2765625 0.4046875 0.0265625 0.009375
0 0.2765625 0.41484375 0.0265625 0.009375
0 0.2796875 0.3328125 0.0265625 0.0125
0 0.27890625 0.3421875 0.0265625 0.009375
0 0.27890625 0.27890625 0.0265625 0.0125
0 0.275 0.4515625 0.0265625 0.0125
0 0.275 0.475 0.0265625 0.0125
0 0.275 0.5625 0.0296875 0.0171875
0 0.27890625 0.2921875 0.0234375 0.0078125
0 0.27890625 0.30859375 0.0234375 0.009375
0 0.3109375 0.2921875 0.0265625 0.0078125
0 0.3421875 0.2921875 0.0265625 0.009375
0 0.40390625 0.2921875 0.0265625 0.0125
3 0.2453125 0.50703125 0.0265625 0.0125
0 0.30625 0.56640625 0.0265625 0.0171875
0 0.3078125 0.40234375 0.0234375 0.0078125
0 0.3078125 0.41015625 0.0234375 0.0078125
0 0.31015625 0.33984375 0.0265625 0.009375
0 0.27890625 0.35234375 0.0265625 0.009375
0 0.31015625 0.33203125 0.0234375 0.0078125
0 0.31015625 0.35078125 0.0265625 0.0125
0 0.3421875 0.33203125 0.0265625 0.0078125
0 0.34140625 0.33984375 0.0265625 0.009375
0 0.34140625 0.35 0.0265625 0.0125
0 0.3375 0.39921875 0.0234375 0.0078125
0 0.3390625 0.40859375 0.0265625 0.009375
0 0.3375 0.45078125 0.0265625 0.0125
0 0.33671875 0.47578125 0.0234375 0.0125
0 0.33671875 0.56484375 0.0296875 0.0171875
0 0.33671875 0.5203125 0.0265625 0.0125
0 0.37109375 0.33046875 0.0296875 0.0125
0 0.36875 0.39921875 0.0234375 0.009375
0 0.36796875 0.4078125 0.0265625 0.009375
0 0.36875 0.4515625 0.0234375 0.0125
0 0.36796875 0.47734375 0.0296875 0.0140625
0 0.36796875 0.5671875 0.0296875 0.0203125
0 0.39921875 0.56875 0.0296875 0.0203125
0 0.39921875 0.47578125 0.0234375 0.0140625
0 0.39921875 0.453125 0.0265625 0.0140625
0 0.39921875 0.41015625 0.0265625 0.009375
0 0.39921875 0.39921875 0.0296875 0.0125
0 0.4015625 0.34609375 0.0265625 0.0125
0 0.40234375 0.33515625 0.0265625 0.0078125
0 0.4015625 0.3265625 0.0265625 0.009375
0 0.4328125 0.32578125 0.0265625 0.009375
0 0.43125 0.4546875 0.0265625 0.0125
0 0.43125 0.478125 0.0265625 0.009375
0 0.43046875 0.56953125 0.0296875 0.0203125
0 0.43125 0.4 0.025 0.009375
0 0.43125 0.41015625 0.025 0.009375
0 0.4625 0.56953125 0.0296875 0.0171875
0 0.4625 0.4796875 0.025 0.0140625
0 0.4625 0.5265625 0.0296875 0.0171875
0 0.4625 0.4546875 0.0296875 0.0140625
0 0.4625 0.41015625 0.0265625 0.009375
0 0.4625 0.4 0.0296875 0.0125
0 0.4640625 0.3453125 0.0265625 0.009375
0 0.4640625 0.33515625 0.0296875 0.009375
0 0.4640625 0.3265625 0.0296875 0.009375
0 0.46484375 0.28984375 0.0265625 0.0125
0 0.46484375 0.27734375 0.0265625 0.0125
0 0.3703125 0.3484375 0.0265625 0.009375
0 0.4953125 0.40234375 0.0265625 0.009375
0 0.4953125 0.4125 0.0296875 0.009375
0 0.4953125 0.45703125 0.0265625 0.009375
0 0.4953125 0.48203125 0.0296875 0.0125
0 0.49375 0.52890625 0.0265625 0.009375
0 0.4953125 0.571875 0.0296875 0.0203125
0 0.4953125 0.328125 0.0265625 0.009375
0 0.52734375 0.3484375 0.0265625 0.009375
0 0.52734375 0.3390625 0.0296875 0.009375
0 0.52734375 0.3296875 0.0296875 0.0078125
0 0.52734375 0.40390625 0.0265625 0.009375
0 0.5265625 0.41328125 0.028125 0.009375
0 0.5265625 0.4578125 0.028125 0.0125
0 0.5265625 0.484375 0.0265625 0.0125
0 0.5265625 0.57109375 0.028125 0.0203125
0 0.52734375 0.2921875 0.0265625 0.009375
0 0.52734375 0.2796875 0.0296875 0.009375
0 0.55859375 0.57109375 0.0265625 0.0203125
0 0.55859375 0.4859375 0.025 0.0140625
0 0.55859375 0.459375 0.0265625 0.0140625
0 0.55859375 0.41484375 0.0265625 0.009375
0 0.55859375 0.4046875 0.0265625 0.0125
0 0.55859375 0.3484375 0.0296875 0.0125
0 0.55859375 0.3375 0.0265625 0.009375
0 0.55859375 0.33046875 0.0265625 0.009375
0 0.56015625 0.290625 0.0265625 0.009375
0 0.56015625 0.28125 0.0265625 0.009375
0 0.5265625 0.42421875 0.028125 0.009375
0 0.55859375 0.42421875 0.0265625 0.009375
0 0.59140625 0.40625 0.028125 0.0125
0 0.58984375 0.41484375 0.0296875 0.009375
0 0.58984375 0.46015625 0.0296875 0.0125
0 0.59140625 0.4859375 0.0265625 0.0125
0 0.58984375 0.5734375 0.0296875 0.0203125
0 0.62265625 0.5734375 0.0265625 0.0171875
0 0.65390625 0.57578125 0.028125 0.0203125
0 0.68515625 0.57421875 0.028125 0.0171875
0 0.71640625 0.57421875 0.028125 0.0171875
0 0.7484375 0.57578125 0.028125 0.0203125
0 0.77734375 0.57578125 0.0265625 0.0171875
0 0.62109375 0.4859375 0.0265625 0.0125
0 0.62265625 0.46171875 0.028125 0.0125
0 0.62265625 0.415625 0.028125 0.009375
0 0.62265625 0.40625 0.028125 0.0125
0 0.6859375 0.4078125 0.028125 0.0125
0 0.6859375 0.41796875 0.0265625 0.009375
0 0.68515625 0.4625 0.028125 0.0125
0 0.6859375 0.48671875 0.0265625 0.0125
0 0.68515625 0.35234375 0.0265625 0.0125
0 0.68515625 0.3421875 0.0265625 0.009375
0 0.68515625 0.334375 0.0265625 0.009375
0 0.68515625 0.296875 0.0265625 0.009375
0 0.68515625 0.28359375 0.0265625 0.0125
0 0.58984375 0.29296875 0.0296875 0.009375
0 0.59140625 0.2796875 0.028125 0.009375
0 0.6234375 0.28125 0.028125 0.0125
0 0.62265625 0.29296875 0.028125 0.0125
0 0.59140625 0.3296875 0.028125 0.009375
0 0.59140625 0.33984375 0.028125 0.009375
0 0.59140625 0.35 0.028125 0.009375
0 0.62265625 0.33046875 0.03125 0.009375
0 0.6234375 0.33984375 0.028125 0.009375
0 0.6234375 0.35078125 0.028125 0.0125
0 0.4046875 0.2796875 0.0265625 0.009375
0 0.40390625 0.26953125 0.0296875 0.009375
0 0.3421875 0.2796875 0.0265625 0.009375
0 0.9265625 0.5796875 0.0296875 0.025
0 0.86640625 0.578125 0.0296875 0.021875
0 0.896875 0.58046875 0.0296875 0.025
0 0.9265625 0.49296875 0.0296875 0.0171875
0 0.9265625 0.4703125 0.0265625 0.0140625
0 0.9265625 0.41484375 0.025 0.0140625
0 0.93046875 0.34140625 0.0265625 0.0140625
0 0.89765625 0.46875 0.0265625 0.0140625
0 0.86875 0.46875 0.0265625 0.0140625
0 0.86875 0.49140625 0.0265625 0.0140625
0 0.8375 0.4671875 0.0296875 0.0140625
0 0.8375 0.49296875 0.0296875 0.0140625
0 0.86875 0.41484375 0.0296875 0.009375
0 0.86875 0.42421875 0.0296875 0.009375
0 0.89921875 0.4171875 0.0265625 0.0125
0 0.89921875 0.4265625 0.0265625 0.009375
0 0.9 0.359375 0.025 0.009375
0 0.9 0.35 0.0265625 0.009375
0 0.9 0.34140625 0.0296875 0.009375
0 0.90234375 0.303125 0.0265625 0.009375
0 0.9015625 0.28984375 0.0265625 0.0125
0 0.90234375 0.27890625 0.0296875 0.0125
0 0.65390625 0.46171875 0.0265625 0.0125
0 0.71640625 0.46171875 0.0265625 0.0125
0 0.71640625 0.48671875 0.028125 0.009375
0 0.71640625 0.4171875 0.0265625 0.009375
0 0.71640625 0.40625 0.028125 0.0140625
0 0.71640625 0.35234375 0.028125 0.009375
0 0.71640625 0.3421875 0.028125 0.009375
0 0.71640625 0.33203125 0.028125 0.009375
0 0.71484375 0.296875 0.0296875 0.0125
0 0.71640625 0.28359375 0.03125 0.0125
0 0.74609375 0.4625 0.0265625 0.0125
0 0.74765625 0.490625 0.0265625 0.0140625
0 0.7765625 0.4625 0.0234375 0.0140625
0 0.77734375 0.4890625 0.025 0.0140625
0 0.74765625 0.42890625 0.0265625 0.0140625
0 0.74765625 0.41953125 0.028125 0.0078125
0 0.74765625 0.41015625 0.028125 0.0125
0 0.74765625 0.3546875 0.028125 0.0125
0 0.74765625 0.3453125 0.0265625 0.009375
0 0.74765625 0.33671875 0.028125 0.009375
0 0.74765625 0.296875 0.0265625 0.009375
0 0.74609375 0.28515625 0.0296875 0.0125
0 0.77734375 0.4203125 0.0265625 0.009375
0 0.77734375 0.41015625 0.0265625 0.0125
0 0.77734375 0.35546875 0.0296875 0.009375
0 0.77734375 0.34609375 0.0265625 0.009375
0 0.77734375 0.33671875 0.0296875 0.009375
0 0.77734375 0.2984375 0.0296875 0.0125
0 0.77734375 0.28515625 0.0296875 0.0125
0 0.8390625 0.359375 0.0265625 0.0125
0 0.8390625 0.3484375 0.0296875 0.009375
0 0.8390625 0.3390625 0.0296875 0.0125
0 0.8390625 0.41328125 0.0296875 0.0140625
0 0.8390625 0.42578125 0.0296875 0.009375
0 0.8390625 0.29921875 0.0296875 0.0125
0 0.8390625 0.2875 0.0265625 0.0125
0 0.86875 0.3609375 0.0296875 0.009375
0 0.86875 0.35 0.0296875 0.0125
0 0.86875 0.33984375 0.0296875 0.009375
0 0.8703125 0.30078125 0.0265625 0.0125
0 0.8703125 0.28828125 0.0296875 0.0125
0 0.37109375 0.33984375 0.0265625 0.009375