3 0.2859375 0.771875 0.0203125 0.0125
3 0.2859375 0.73203125 0.0203125 0.009375
3 0.2859375 0.69921875 0.0203125 0.0078125
3 0.28515625 0.63671875 0.0203125 0.0078125
3 0.28515625 0.6046875 0.0203125 0.0078125
3 0.2859375 0.58515625 0.0203125 0.0078125
3 0.28515625 0.509375 0.0203125 0.0125
3 0.28359375 0.48203125 0.021875 0.0078125
3 0.28359375 0.43125 0.021875 0.009375
3 0.28359375 0.40390625 0.021875 0.0125
3 0.28359375 0.3890625 0.0203125 0.009375
3 0.2828125 0.38125 0.0203125 0.009375
3 0.28359375 0.365625 0.021875 0.0078125
3 0.28359375 0.37265625 0.021875 0.009375
4 0.28125 0.29296875 0.025 0.0171875
4 0.30625 0.29296875 0.021875 0.0171875
4 0.33203125 0.2921875 0.021875 0.0203125
4 0.35546875 0.290625 0.025 0.0203125
4 0.38125 0.290625 0.021875 0.0171875
4 0.4078125 0.290625 0.021875 0.0203125
4 0.43125 0.28984375 0.021875 0.0203125
4 0.4578125 0.28828125 0.021875 0.0203125
4 0.86171875 0.28125 0.025 0.021875
4 0.8328125 0.28125 0.0265625 0.021875
4 0.80859375 0.28125 0.025 0.021875
4 0.78515625 0.2828125 0.025 0.021875
4 0.75859375 0.28359375 0.0234375 0.021875
4 0.71015625 0.28359375 0.021875 0.0203125
4 0.734375 0.28359375 0.025 0.021875
4 0.6859375 0.28515625 0.025 0.0171875
4 0.66015625 0.28515625 0.025 0.0203125
4 0.634375 0.28515625 0.025 0.0171875
4 0.609375 0.2859375 0.021875 0.0171875
4 0.584375 0.28515625 0.025 0.0203125
4 0.55859375 0.28515625 0.0203125 0.0203125
4 0.53359375 0.2875 0.021875 0.0203125
4 0.4828125 0.28515625 0.025 0.0203125
4 0.50859375 0.28515625 0.0234375 0.0203125
1 0.571875 0.28515625 0.615625 0.040625
0 0.31015625 0.7171875 0.021875 0.0125
0 0.31015625 0.646875 0.0203125 0.009375
0 0.30859375 0.62734375 0.0203125 0.009375
0 0.31015625 0.59609375 0.021875 0.0078125
0 0.31015625 0.58984375 0.021875 0.0078125
0 0.31015625 0.5296875 0.021875 0.0078125
0 0.31015625 0.5375 0.021875 0.0078125
0 0.31015625 0.5453125 0.021875 0.0078125
0 0.31015625 0.48828125 0.0203125 0.0078125
0 0.334375 0.5921875 0.0203125 0.0046875
0 0.334375 0.58671875 0.021875 0.0046875
0 0.33515625 0.6265625 0.021875 0.0078125
0 0.33671875 0.7171875 0.021875 0.009375
0 0.33515625 0.53515625 0.021875 0.0078125
0 0.3578125 0.625 0.021875 0.0078125
0 0.3578125 0.6453125 0.021875 0.0078125
0 0.3578125 0.584375 0.021875 0.0078125
0 0.3578125 0.58984375 0.021875 0.0078125
0 0.3609375 0.52734375 0.021875 0.0078125
0 0.3609375 0.53359375 0.0203125 0.0078125
0 0.3609375 0.7171875 0.021875 0.0125
0 0.4109375 0.49375 0.021875 0.0078125
0 0.41015625 0.484375 0.021875 0.0078125
0 0.41015625 0.52421875 0.021875 0.0046875
0 0.41015625 0.5296875 0.025 0.0078125
0 0.40859375 0.53828125 0.021875 0.0078125
0 0.40859375 0.58046875 0.025 0.0078125
0 0.40859375 0.5875 0.025 0.0078125
0 0.41015625 0.625 0.025 0.009375
0 0.41015625 0.6453125 0.021875 0.009375
0 0.4109375 0.7171875 0.0234375 0.0140625
0 0.3859375 0.71875 0.0234375 0.0125
0 0.38359375 0.625 0.021875 0.0078125
0 0.38359375 0.58203125 0.021875 0.0078125
0 0.38359375 0.5890625 0.021875 0.0078125
0 0.384375 0.5265625 0.021875 0.0078125
0 0.384375 0.5328125 0.021875 0.0078125
0 0.384375 0.53984375 0.021875 0.0078125
0 0.3609375 0.49609375 0.021875 0.0078125
0 0.41015625 0.5046875 0.021875 0.0046875
3 0.28515625 0.6703125 0.021875 0.0125
0 0.30859375 0.49765625 0.0203125 0.0046875
0 0.31015625 0.509375 0.0203125 0.0078125
0 0.33515625 0.49765625 0.021875 0.0078125
0 0.4375 0.71875 0.025 0.0140625
0 0.43515625 0.625 0.021875 0.009375
0 0.43515625 0.58203125 0.021875 0.0078125
0 0.4625 0.7171875 0.025 0.0140625
0 0.46171875 0.6453125 0.021875 0.009375
0 0.46171875 0.6234375 0.021875 0.009375
0 0.46015625 0.5796875 0.021875 0.0078125
0 0.46015625 0.5875 0.021875 0.0078125
0 0.459375 0.5375 0.021875 0.009375
0 0.459375 0.52890625 0.021875 0.0078125
0 0.459375 0.5203125 0.021875 0.0078125
0 0.46015625 0.4890625 0.021875 0.0078125
0 0.46015625 0.48046875 0.021875 0.009375
0 0.4625 0.68125 0.025 0.0078125
0 0.4890625 0.7171875 0.025 0.0140625
0 0.48671875 0.64296875 0.021875 0.009375
0 0.48671875 0.625 0.021875 0.0078125
0 0.48671875 0.5875 0.021875 0.0078125
0 0.4859375 0.58046875 0.025 0.0078125
0 0.48828125 0.68125 0.021875 0.0125
0 0.4859375 0.5203125 0.021875 0.0078125
0 0.4859375 0.5265625 0.021875 0.0078125
0 0.484375 0.48828125 0.021875 0.009375
0 0.4859375 0.48046875 0.021875 0.0078125
0 0.3609375 0.5421875 0.021875 0.0078125
0 0.51171875 0.5890625 0.021875 0.0078125
0 0.51171875 0.58046875 0.021875 0.0078125
0 0.51328125 0.625 0.021875 0.0078125
0 0.51328125 0.6453125 0.025 0.0078125
0 0.515625 0.71640625 0.025 0.0140625
0 0.5109375 0.5359375 0.0234375 0.0078125
0 0.5109375 0.52734375 0.021875 0.0078125
0 0.5109375 0.5203125 0.021875 0.0078125
0 0.5109375 0.490625 0.0234375 0.0078125
0 0.5109375 0.48046875 0.0234375 0.0078125
0 0.5359375 0.478125 0.0234375 0.0078125
0 0.5359375 0.4890625 0.0234375 0.0078125
0 0.5375 0.5359375 0.025 0.0078125
0 0.5375 0.52734375 0.025 0.0078125
0 0.5375 0.5203125 0.025 0.0078125
0 0.53828125 0.58046875 0.0234375 0.0078125
0 0.53828125 0.5890625 0.0234375 0.0078125
0 0.53828125 0.625 0.021875 0.009375
0 0.53984375 0.6453125 0.0234375 0.009375
0 0.53984375 0.71640625 0.0234375 0.0140625
0 0.5671875 0.71640625 0.0265625 0.0140625
0 0.56484375 0.64453125 0.025 0.009375
0 0.5640625 0.625 0.025 0.0078125
0 0.5640625 0.5890625 0.025 0.0078125
0 0.5640625 0.58046875 0.025 0.009375
0 0.5625 0.53515625 0.021875 0.0078125
0 0.5625 0.52734375 0.025 0.0078125
0 0.5625 0.5203125 0.025 0.0078125
0 0.5625 0.4890625 0.021875 0.0078125
0 0.5609375 0.478125 0.021875 0.009375
0 0.5875 0.478125 0.025 0.009375
0 0.5875 0.4890625 0.025 0.009375
0 0.5921875 0.7140625 0.025 0.0140625
0 0.58984375 0.6453125 0.021875 0.0125
0 0.58984375 0.6265625 0.025 0.0125
0 0.58984375 0.5890625 0.025 0.0078125
0 0.5890625 0.5796875 0.0234375 0.009375
0 0.5890625 0.5359375 0.0234375 0.0078125
0 0.5890625 0.52734375 0.021875 0.0078125
0 0.5875 0.51953125 0.025 0.0078125
0 0.8375 0.7125 0.025 0.0171875
0 0.83671875 0.6421875 0.0203125 0.0125
0 0.83671875 0.6234375 0.0203125 0.0171875
0 0.83671875 0.515625 0.021875 0.009375
0 0.83515625 0.5765625 0.021875 0.009375
0 0.83671875 0.6546875 0.021875 0.0125
0 0.76328125 0.53515625 0.021875 0.0078125
0 0.76328125 0.5265625 0.025 0.0078125
0 0.76328125 0.51796875 0.025 0.0078125
0 0.76171875 0.48671875 0.025 0.009375
0 0.76171875 0.47578125 0.025 0.009375
0 0.7640625 0.5796875 0.025 0.0078125
0 0.7640625 0.5875 0.025 0.0078125
0 0.765625 0.62265625 0.025 0.009375
0 0.765625 0.6421875 0.025 0.0078125
0 0.7671875 0.71171875 0.021875 0.0125
0 0.61875 0.71640625 0.025 0.0125
0 0.64296875 0.7125 0.021875 0.0125
0 0.6421875 0.62265625 0.021875 0.0125
0 0.640625 0.5875 0.021875 0.0078125
0 0.640625 0.5796875 0.021875 0.0078125
0 0.6390625 0.53515625 0.021875 0.0078125
0 0.6390625 0.52734375 0.021875 0.0078125
0 0.6390625 0.5203125 0.021875 0.0078125
0 0.63828125 0.490625 0.025 0.0078125
0 0.63828125 0.4796875 0.021875 0.0078125
0 0.7921875 0.7125 0.0234375 0.0140625
0 0.790625 0.64296875 0.021875 0.009375
0 0.790625 0.62265625 0.021875 0.009375
0 0.78984375 0.58046875 0.021875 0.0078125
0 0.78984375 0.5875 0.021875 0.0078125
0 0.78828125 0.5359375 0.021875 0.0078125
0 0.78828125 0.52734375 0.021875 0.0078125
0 0.78828125 0.51953125 0.021875 0.0078125
0 0.78828125 0.48671875 0.021875 0.0078125
0 0.78828125 0.47734375 0.021875 0.009375
0 0.8140625 0.62109375 0.021875 0.0125
0 0.8140625 0.58671875 0.0203125 0.0078125
0 0.8140625 0.5796875 0.021875 0.0078125
0 0.8140625 0.5359375 0.021875 0.0078125
0 0.8140625 0.52734375 0.021875 0.0078125
0 0.8140625 0.5203125 0.025 0.0078125
0 0.8125 0.48828125 0.021875 0.009375
0 0.8125 0.47578125 0.021875 0.009375
0 0.71640625 0.62109375 0.021875 0.0078125
0 0.71484375 0.58671875 0.021875 0.0078125
0 0.71484375 0.578125 0.021875 0.0078125
0 0.7140625 0.53515625 0.021875 0.0078125
0 0.7140625 0.52734375 0.021875 0.0078125
0 0.7140625 0.51953125 0.021875 0.0078125
0 0.7125 0.48671875 0.021875 0.009375
0 0.7140625 0.47734375 0.0203125 0.0078125
0 0.7171875 0.64296875 0.021875 0.009375
0 0.71875 0.71171875 0.025 0.0125
0 0.74296875 0.71171875 0.0234375 0.0125
0 0.69375 0.71171875 0.025 0.0125
0 0.66796875 0.7140625 0.025 0.0125
0 0.6921875 0.62109375 0.0234375 0.009375
0 0.6921875 0.64453125 0.0234375 0.0125
0 0.6671875 0.62265625 0.0234375 0.009375
0 0.6421875 0.6453125 0.025 0.009375
0 0.6671875 0.64453125 0.0234375 0.0125
0 0.665625 0.5875 0.025 0.0078125
0 0.665625 0.578125 0.025 0.009375
0 0.69140625 0.578125 0.021875 0.0078125
0 0.6921875 0.58671875 0.0234375 0.0078125
0 0.69140625 0.59375 0.025 0.0078125
0 0.68984375 0.53515625 0.021875 0.0078125
0 0.68984375 0.5265625 0.021875 0.0078125
0 0.68984375 0.5203125 0.025 0.0078125
0 0.6890625 0.48828125 0.025 0.0078125
0 0.6875 0.47734375 0.025 0.009375
0 0.66328125 0.48828125 0.0234375 0.0078125
0 0.6625 0.478125 0.025 0.0125
0 0.66484375 0.51796875 0.021875 0.0078125
0 0.66484375 0.525 0.021875 0.0078125
0 0.66484375 0.53359375 0.0234375 0.0078125
0 0.384375 0.6453125 0.0234375 0.0125
0 0.4359375 0.64453125 0.025 0.0125
2 0.28515625 0.5515625 0.034375 0.46875