1 0.4578125 0.11328125 0.4203125 0.0265625
4 0.2609375 0.11328125 0.0203125 0.0203125
4 0.2828125 0.1140625 0.021875 0.0203125
4 0.3015625 0.1140625 0.0203125 0.0171875
4 0.32421875 0.11328125 0.021875 0.0203125
4 0.65625 0.1109375 0.021875 0.0203125
4 0.6359375 0.1109375 0.021875 0.0203125
4 0.6140625 0.1109375 0.0203125 0.0203125
4 0.59375 0.1109375 0.0203125 0.021875
4 0.5734375 0.11328125 0.0203125 0.0171875
4 0.553125 0.11328125 0.0203125 0.0203125
4 0.5328125 0.11171875 0.0203125 0.0171875
4 0.5109375 0.11171875 0.021875 0.0171875
4 0.4890625 0.11328125 0.021875 0.0171875
4 0.46875 0.11328125 0.021875 0.0203125
4 0.4484375 0.11171875 0.021875 0.0171875
4 0.428125 0.11328125 0.021875 0.0203125
4 0.4078125 0.11328125 0.021875 0.0203125
4 0.3859375 0.11328125 0.0234375 0.0203125
4 0.3640625 0.11328125 0.021875 0.0203125
2 0.3328125 0.5046875 0.040625 0.571875
3 0.33203125 0.3125 0.021875 0.0125
3 0.3328125 0.34375 0.021875 0.0140625
3 0.33203125 0.3921875 0.021875 0.0125
3 0.334375 0.46484375 0.021875 0.0125
3 0.334375 0.50625 0.021875 0.0125
3 0.33515625 0.59375 0.021875 0.0125
3 0.33515625 0.69453125 0.021875 0.0125
3 0.334375 0.7234375 0.021875 0.0140625
3 0.33203125 0.2921875 0.0203125 0.009375
3 0.33046875 0.275 0.021875 0.009375
3 0.33046875 0.26171875 0.021875 0.009375
3 0.33046875 0.25390625 0.021875 0.009375
3 0.3296875 0.24609375 0.021875 0.0046875
3 0.3296875 0.23828125 0.021875 0.0125
0 0.4359375 0.709375 0.021875 0.0203125
0 0.4578125 0.7078125 0.0203125 0.0203125
0 0.49765625 0.66328125 0.025 0.0171875
0 0.4375 0.765625 0.025 0.025
0 0.46171875 0.7671875 0.025 0.025
0 0.47734375 0.59765625 0.021875 0.0171875
0 0.49609375 0.59765625 0.0171875 0.0140625
0 0.4953125 0.509375 0.0203125 0.0171875
0 0.41484375 0.60078125 0.025 0.0171875
0 0.43515625 0.665625 0.021875 0.021875
0 0.459375 0.66953125 0.021875 0.025