4 0.275 0.0765625 0.021875 0.0171875
4 0.296875 0.0765625 0.021875 0.0171875
4 0.3171875 0.07578125 0.021875 0.0171875
4 0.3390625 0.07578125 0.021875 0.021875
4 0.3796875 0.07578125 0.021875 0.0171875
4 0.4 0.07578125 0.0203125 0.0203125
4 0.4203125 0.07421875 0.021875 0.0203125
4 0.4421875 0.07421875 0.021875 0.0203125
4 0.671875 0.07109375 0.0203125 0.0203125
4 0.65 0.07109375 0.0203125 0.021875
4 0.6296875 0.07109375 0.0203125 0.0203125
4 0.609375 0.071875 0.021875 0.0171875
4 0.5875 0.0734375 0.0203125 0.0140625
4 0.5671875 0.07421875 0.0203125 0.0171875
4 0.546875 0.0734375 0.0203125 0.0171875
4 0.525 0.07421875 0.0203125 0.0171875
4 0.5046875 0.07421875 0.0203125 0.0171875
4 0.484375 0.07421875 0.021875 0.0203125
4 0.4625 0.0734375 0.0203125 0.0203125
1 0.47265625 0.07421875 0.428125 0.0265625
2 0.3484375 0.44921875 0.0359375 0.571875
3 0.34609375 0.22578125 0.021875 0.0078125
3 0.3453125 0.21875 0.021875 0.0078125
3 0.3453125 0.21171875 0.0203125 0.0078125
3 0.34609375 0.20546875 0.021875 0.0046875
3 0.3453125 0.19921875 0.0203125 0.0078125
3 0.34609375 0.23828125 0.0203125 0.0125
3 0.34609375 0.2546875 0.021875 0.009375
3 0.34765625 0.275 0.021875 0.0125
3 0.34765625 0.30625 0.021875 0.0140625
3 0.3484375 0.3546875 0.021875 0.0125
3 0.35 0.42890625 0.021875 0.0140625
3 0.35 0.46875 0.021875 0.0125
3 0.35234375 0.55625 0.021875 0.0140625
3 0.35078125 0.6578125 0.0234375 0.0171875
3 0.35078125 0.68515625 0.021875 0.0140625
3 0.35 0.7015625 0.021875 0.0140625
3 0.35 0.7171875 0.0234375 0.0140625
0 0.5109375 0.55859375 0.021875 0.0203125
0 0.453125 0.72734375 0.021875 0.0234375
0 0.47578125 0.72578125 0.021875 0.021875
0 0.53125 0.55625 0.0203125 0.0203125
0 0.5515625 0.5578125 0.0203125 0.021875
0 0.4734375 0.5609375 0.0203125 0.0171875
0 0.453125 0.66953125 0.0203125 0.0140625
0 0.5140625 0.625 0.0203125 0.0171875
0 0.453125 0.5625 0.021875 0.0125
0 0.43046875 0.56484375 0.021875 0.0140625
0 0.49140625 0.56015625 0.0203125 0.0171875
0 0.475 0.665625 0.0203125 0.0203125