4 0.26953125 0.1046875 0.021875 0.0171875
4 0.28984375 0.1046875 0.0203125 0.0203125
4 0.3109375 0.103125 0.021875 0.0171875
4 0.3328125 0.1046875 0.021875 0.0203125
4 0.3734375 0.103125 0.021875 0.0171875
4 0.39453125 0.1046875 0.021875 0.0171875
4 0.66484375 0.103125 0.021875 0.0171875
4 0.64453125 0.103125 0.0203125 0.0171875
4 0.62265625 0.10234375 0.0203125 0.0171875
4 0.60234375 0.103125 0.0203125 0.0171875
4 0.58203125 0.1046875 0.0203125 0.0140625
4 0.5609375 0.1046875 0.021875 0.0140625
4 0.53984375 0.1046875 0.0203125 0.0171875
4 0.51953125 0.10546875 0.0203125 0.0125
4 0.49765625 0.10546875 0.021875 0.0140625
4 0.47734375 0.103125 0.021875 0.0171875
4 0.45703125 0.1046875 0.021875 0.0171875
4 0.4359375 0.1046875 0.0203125 0.0203125
4 0.415625 0.1046875 0.021875 0.0171875
1 0.46875 0.103125 0.428125 0.034375
2 0.33984375 0.45078125 0.03125 0.5
3 0.3390625 0.584375 0.0234375 0.0125
3 0.34140625 0.6859375 0.0234375 0.0140625
3 0.34140625 0.49765625 0.021875 0.0125
3 0.33984375 0.45703125 0.025 0.0125
3 0.33984375 0.38359375 0.021875 0.0125
3 0.3390625 0.30546875 0.021875 0.0125
3 0.33984375 0.33671875 0.0203125 0.0125
3 0.3390625 0.2828125 0.0203125 0.009375
3 0.3390625 0.265625 0.0203125 0.009375
3 0.3375 0.2546875 0.0203125 0.009375
3 0.3390625 0.2453125 0.021875 0.0078125
3 0.3375 0.2390625 0.0203125 0.0046875
3 0.33671875 0.228125 0.0203125 0.0046875
3 0.3375 0.2328125 0.0203125 0.0078125
0 0.43984375 0.75703125 0.021875 0.021875
0 0.46484375 0.75859375 0.021875 0.021875
0 0.4640625 0.696875 0.021875 0.0203125
0 0.5015625 0.65625 0.025 0.0171875
0 0.5015625 0.5875 0.0203125 0.0140625
0 0.44375 0.6984375 0.0203125 0.0203125
0 0.44375 0.65859375 0.0203125 0.0140625
0 0.46484375 0.6578125 0.021875 0.0171875