4 0.36875 0.125 0.021875 0.021875
4 0.39296875 0.1265625 0.021875 0.021875
4 0.415625 0.1265625 0.021875 0.0203125
4 0.4390625 0.12734375 0.025 0.0203125
4 0.80390625 0.13125 0.0203125 0.0171875
4 0.7828125 0.13203125 0.0171875 0.0203125
4 0.484375 0.12734375 0.025 0.0171875
4 0.50703125 0.12734375 0.021875 0.0171875
4 0.5296875 0.12890625 0.021875 0.021875
4 0.68984375 0.13125 0.021875 0.0203125
4 0.759375 0.13203125 0.021875 0.0171875
4 0.7359375 0.13125 0.025 0.0171875
4 0.7125 0.13125 0.025 0.021875
4 0.57578125 0.1296875 0.021875 0.0203125
4 0.553125 0.13125 0.025 0.021875
4 0.6671875 0.1296875 0.021875 0.0171875
4 0.64453125 0.1296875 0.021875 0.0203125
4 0.62109375 0.1296875 0.021875 0.0171875
4 0.5984375 0.1296875 0.021875 0.0203125
1 0.58515625 0.12734375 0.4609375 0.0359375
2 0.52890625 0.4265625 0.028125 0.4359375
3 0.5328125 0.33671875 0.0203125 0.0125
3 0.5328125 0.30546875 0.021875 0.0125
3 0.5328125 0.26171875 0.0203125 0.0171875
3 0.53125 0.24609375 0.021875 0.009375
3 0.53125 0.41484375 0.021875 0.009375
3 0.5296875 0.53359375 0.0203125 0.0125
3 0.5296875 0.571875 0.0203125 0.0125
3 0.5296875 0.61640625 0.021875 0.0125
3 0.5296875 0.59375 0.0203125 0.0125
3 0.5328125 0.23828125 0.021875 0.0078125
0 0.5765625 0.4359375 0.025 0.021875
0 0.55390625 0.48203125 0.021875 0.0171875
0 0.553125 0.50625 0.0203125 0.0171875
0 0.5515625 0.6046875 0.021875 0.0140625
0 0.5734375 0.603125 0.021875 0.0140625
0 0.61796875 0.60234375 0.0234375 0.0140625
0 0.5953125 0.60234375 0.021875 0.0140625
0 0.55390625 0.41015625 0.021875 0.0140625
0 0.578125 0.33515625 0.021875 0.0125
0 0.5765625 0.38359375 0.021875 0.0125
0 0.578125 0.36875 0.021875 0.0171875
0 0.55546875 0.38359375 0.021875 0.0140625
0 0.62109375 0.35703125 0.0265625 0.009375
0 0.62109375 0.36875 0.0265625 0.0125
0 0.55546875 0.33203125 0.021875 0.0125
0 0.55546875 0.37265625 0.021875 0.009375
3 0.53125 0.22734375 0.021875 0.0125