0 0.5421875 0.17421875 0.0234375 0.0171875
0 0.2203125 0.1765625 0.0265625 0.0140625
0 0.60234375 0.2046875 0.0265625 0.0140625
0 0.27890625 0.2078125 0.0234375 0.0140625
1 0.509375 0.021875 0.8734375 0.0390625
0 0.60078125 0.2796875 0.0265625 0.021875
0 0.2796875 0.2828125 0.0234375 0.021875
0 0.484375 0.29453125 0.025 0.0140625
0 0.63125 0.29453125 0.0265625 0.0171875
0 0.1625 0.2953125 0.021875 0.0125
0 0.30859375 0.2953125 0.025 0.0203125
0 0.63125 0.31640625 0.028125 0.0203125
0 0.31015625 0.31875 0.0265625 0.0203125
0 0.22265625 0.3296875 0.0296875 0.0203125
0 0.60078125 0.35234375 0.0234375 0.0171875
0 0.28125 0.35703125 0.021875 0.0140625
0 0.2234375 0.36328125 0.0296875 0.0203125
0 0.16484375 0.3640625 0.0265625 0.0171875
0 0.54296875 0.38359375 0.025 0.0140625
0 0.2234375 0.3890625 0.0265625 0.0140625
2 0.428125 0.40859375 0.0390625 0.75
0 0.71640625 0.41328125 0.025 0.0171875
2 0.10546875 0.41484375 0.0453125 0.753125
0 0.396875 0.4171875 0.025 0.0171875
0 0.3109375 0.421875 0.0296875 0.0203125
0 0.6890625 0.453125 0.0265625 0.0265625
0 0.66015625 0.4546875 0.0296875 0.0296875
0 0.71484375 0.45703125 0.0265625 0.0203125
0 0.57421875 0.45703125 0.0296875 0.0265625
0 0.54453125 0.45703125 0.028125 0.025
0 0.45703125 0.4578125 0.0265625 0.021875
0 0.36875 0.459375 0.0265625 0.025
0 0.33984375 0.459375 0.0296875 0.0265625
0 0.5140625 0.459375 0.0265625 0.025
0 0.6296875 0.46015625 0.028125 0.0296875
0 0.4859375 0.46015625 0.0296875 0.025
0 0.25390625 0.46015625 0.0296875 0.025
0 0.2234375 0.46015625 0.03125 0.0265625
0 0.1359375 0.46015625 0.0265625 0.0171875
0 0.396875 0.46171875 0.025 0.0171875
0 0.19375 0.4625 0.0296875 0.0203125
0 0.16328125 0.4640625 0.03125 0.0265625
0 0.31015625 0.4640625 0.03125 0.0265625
0 0.5140625 0.50234375 0.025 0.0171875
0 0.4859375 0.50390625 0.0296875 0.0203125
0 0.54296875 0.50625 0.0265625 0.0203125
0 0.31015625 0.51328125 0.021875 0.0171875
0 0.19453125 0.5578125 0.0296875 0.0171875
0 0.1671875 0.5609375 0.0265625 0.0171875
0 0.54453125 0.59765625 0.028125 0.025
0 0.7765625 0.09140625 0.028125 0.0265625
3 0.10546875 0.765625 0.034375 0.03125
3 0.1046875 0.5890625 0.034375 0.021875
3 0.1046875 0.47578125 0.0296875 0.021875
3 0.1046875 0.396875 0.03125 0.0265625
3 0.103125 0.296875 0.0296875 0.025
3 0.1046875 0.2328125 0.0265625 0.025
3 0.103125 0.1984375 0.0296875 0.0203125
3 0.1046875 0.1671875 0.0265625 0.03125
3 0.10546875 0.1359375 0.025 0.0171875
3 0.10546875 0.12109375 0.025 0.0125
3 0.428125 0.7609375 0.03125 0.028125
3 0.428125 0.584375 0.0296875 0.0203125
3 0.4265625 0.4734375 0.0265625 0.0203125
3 0.4265625 0.39765625 0.0265625 0.025
3 0.4265625 0.29453125 0.0265625 0.0203125
3 0.4265625 0.23203125 0.0265625 0.021875
3 0.42578125 0.19375 0.025 0.021875
3 0.42578125 0.16484375 0.0265625 0.0296875
3 0.42421875 0.13203125 0.025 0.0203125
3 0.42421875 0.11640625 0.0265625 0.0140625
0 0.2203125 0.25 0.0265625 0.0171875
4 0.09609375 0.02265625 0.025 0.0203125
4 0.1265625 0.02421875 0.021875 0.025
4 0.15390625 0.02421875 0.0203125 0.0203125
4 0.1859375 0.02421875 0.0203125 0.0171875
4 0.21484375 0.02421875 0.021875 0.0171875
4 0.2453125 0.02421875 0.021875 0.0171875
4 0.275 0.02421875 0.021875 0.0171875
4 0.303125 0.02265625 0.021875 0.0203125
4 0.3328125 0.021875 0.0265625 0.0203125
4 0.3640625 0.02265625 0.0234375 0.0203125
4 0.39296875 0.021875 0.025 0.021875
4 0.4234375 0.01953125 0.021875 0.0171875
4 0.45078125 0.0203125 0.025 0.0171875
4 0.478125 0.0203125 0.021875 0.0171875
0 0.28125 0.5953125 0.034375 0.025
4 0.92421875 0.01796875 0.0265625 0.021875
4 0.896875 0.01953125 0.0265625 0.021875
4 0.86875 0.01953125 0.025 0.0171875
4 0.83671875 0.01953125 0.03125 0.021875
4 0.80625 0.01953125 0.028125 0.021875
4 0.77734375 0.01796875 0.0296875 0.021875
4 0.74765625 0.01796875 0.0265625 0.025
4 0.71875 0.01953125 0.0296875 0.021875
4 0.6890625 0.01953125 0.028125 0.0203125
4 0.65859375 0.01953125 0.028125 0.021875
4 0.63125 0.0203125 0.028125 0.021875
4 0.6 0.01953125 0.028125 0.021875
4 0.56953125 0.01953125 0.028125 0.021875
4 0.540625 0.0203125 0.025 0.0203125
4 0.509375 0.02265625 0.0296875 0.0203125