1 0.47265625 0.16796875 0.8015625 0.1296875
0 0.58203125 0.3453125 0.065625 0.040625
0 0.50390625 0.34609375 0.05625 0.0390625
0 0.35078125 0.3484375 0.0546875 0.04375
0 0.27265625 0.35 0.0578125 0.0359375
0 0.19375 0.35078125 0.0703125 0.0359375
0 0.57578125 0.6140625 0.0578125 0.0390625
0 0.26796875 0.61796875 0.0640625 0.0453125
0 0.3453125 0.6203125 0.0578125 0.034375
2 0.11328125 0.65390625 0.084375 0.5984375
0 0.578125 0.67890625 0.0609375 0.0390625
0 0.26953125 0.6828125 0.0578125 0.040625
0 0.34609375 0.68515625 0.0625 0.034375
3 0.11328125 0.9203125 0.065625 0.04375
3 0.11328125 0.8265625 0.0578125 0.0390625
3 0.1140625 0.759375 0.0609375 0.0359375
3 0.1140625 0.709375 0.0609375 0.0359375
3 0.11171875 0.6359375 0.0578125 0.034375
3 0.11171875 0.5828125 0.0609375 0.028125
3 0.1109375 0.54296875 0.0609375 0.0296875
3 0.1109375 0.5109375 0.0625 0.0359375
3 0.11171875 0.47265625 0.0609375 0.0296875
3 0.11328125 0.44609375 0.0609375 0.021875
3 0.11171875 0.42578125 0.0609375 0.021875
3 0.11171875 0.40390625 0.0625 0.0203125
3 0.11328125 0.3859375 0.0609375 0.021875
4 0.11640625 0.1625 0.071875 0.0890625
4 0.1875 0.165625 0.0671875 0.0765625
4 0.2671875 0.1671875 0.0828125 0.0828125
4 0.34765625 0.1671875 0.075 0.0890625
4 0.42578125 0.16796875 0.0765625 0.0921875
4 0.5046875 0.1734375 0.0828125 0.0921875
4 0.58515625 0.16953125 0.075 0.0875
4 0.66484375 0.1703125 0.075 0.084375
4 0.73828125 0.16953125 0.065625 0.075
4 0.81484375 0.16953125 0.0765625 0.071875
0 0.4234375 0.6828125 0.0546875 0.03125
0 0.421875 0.61328125 0.053125 0.0265625
0 0.42578125 0.34609375 0.0578125 0.0328125