0 0.07446194225721785 0.45657333333333333 0.013453318335208098 0.034113333333333384
0 0.08779902512185976 0.45808 0.013569553805774277 0.027559999999999946
0 0.1016310461192351 0.4610333333333333 0.013010873640794908 0.02780000000000003
0 0.11497937757780277 0.46090000000000003 0.013610798650168713 0.02780000000000003
0 0.1285901762279715 0.46080000000000004 0.013235845519310068 0.027600000000000062
0 0.1427071616047994 0.4613333333333333 0.014548181477315318 0.027600000000000062
0 0.15731158605174353 0.46836666666666665 0.01338582677165356 0.029533333333333304
0 0.07391451068616423 0.3449066666666667 0.01254968128983878 0.009886666666666656
0 0.07374578177727785 0.33248 0.01322459692538432 0.014679999999999988
0 0.08793775778027746 0.33577333333333337 0.013138357705286846 0.011680000000000025
0 0.087896512935883 0.34663333333333335 0.013393325834270706 0.010333333333333333
0 0.4790888638920135 0.3668666666666666 0.014889388826396715 0.012186666666666648
0 0.4791488563929509 0.38251999999999997 0.014300712410948584 0.014920000000000072
0 0.4790888638920135 0.35436666666666666 0.014653168353955729 0.012820000000000012
0 0.4793250843644544 0.33776666666666666 0.013944506936632942 0.009033333333333303
0 0.47944506936632925 0.3286266666666667 0.013944506936632942 0.008826666666666672
0 0.47944506936632925 0.30624666666666667 0.01347206599175097 0.01617999999999999
0 0.47950506186726655 0.29122666666666663 0.013828271466066782 0.014286666666666633
0 0.4786426696662917 0.48761999999999994 0.014536932883389569 0.031546666666666626
0 0.18274840644919385 0.35248666666666667 0.012339707536557918 0.012913333333333261
0 0.18289463817022872 0.33868666666666664 0.012467191601049869 0.014533333333333303
0 0.18374203224596927 0.4651733333333333 0.012755905511811017 0.03471333333333329
0 0.17076115485564305 0.4677933333333334 0.013138357705286825 0.030546666666666625
0 0.16938132733408323 0.35359999999999997 0.012587176602924653 0.011273333333333389
0 0.16924634420697413 0.3401266666666667 0.013048368953880748 0.015353333333333352
0 0.18194600674915637 0.3166 0.011646044244469422 0.014380000000000033
0 0.18170603674540683 0.2808 0.0121297337832771 0.013513333333333322
0 0.15639295088113986 0.3518266666666667 0.012613423322084734 0.012940000000000054
0 0.15631421072365953 0.33989333333333327 0.013100862392200995 0.011499999999999962
0 0.46511811023622046 0.36166 0.012144731908511388 0.012980000000000018
0 0.4511848518935133 0.3629266666666667 0.01394825646794144 0.012233333333333273
0 0.4511661042369704 0.35151333333333334 0.013449568803899472 0.0105933333333334
0 0.4644619422572179 0.4863 0.013430821147356642 0.03371333333333329
0 0.45048743907011624 0.4833266666666667 0.013835770528683948 0.02958666666666674
0 0.4363517060367454 0.48119999999999996 0.014360704911886082 0.03280000000000003
0 0.3106936632920885 0.3557533333333333 0.01608173978252722 0.013960000000000037
0 0.3105061867266592 0.34371333333333337 0.01645294338207728 0.01026666666666669
0 0.31034495688039 0.3206733333333333 0.015256842894638191 0.008166666666666666
0 0.3101949756280465 0.2833333333333333 0.015553055868016506 0.015146666666666685
0 0.32359580052493436 0.4744333333333333 0.013655793025871794 0.03018666666666665
0 0.30965504311961006 0.47089333333333333 0.014225721784776924 0.02950666666666666
0 0.29410198725159353 0.47459999999999997 0.013847019122609697 0.0315333333333333
0 0.28006374203224593 0.47476666666666667 0.013847019122609697 0.03321999999999995
0 0.2662654668166479 0.473 0.013562054743157132 0.032039999999999964
0 0.2524259467566554 0.47041333333333335 0.013970753655793023 0.033666666666666664
0 0.2381439820022497 0.4710533333333334 0.013974503187101606 0.032153333333333346
0 0.22442819647544054 0.4686666666666667 0.013738282714660705 0.02971333333333329
0 0.2952830896137983 0.35618666666666665 0.013944506936632942 0.014079999999999928
0 0.29515185601799776 0.3441466666666667 0.013505811773528302 0.010013333333333322
0 0.2809636295463067 0.35669999999999996 0.01416572928383951 0.015253333333333407
0 0.28094488188976374 0.34363333333333335 0.013682039745031875 0.010873333333333297
0 0.29487439070116234 0.32142 0.013427071616047974 0.009640000000000024
0 0.2949981252343457 0.28486666666666666 0.013678290213723292 0.011859999999999976
0 0.658785151856018 0.31221333333333334 0.013550806149231298 0.011826666666666673
0 0.6587439070116236 0.30098 0.014465691788526407 0.01093999999999998
0 0.6582039745031871 0.33941333333333334 0.014218222722159756 0.01330666666666669
0 0.6578290213723285 0.36366 0.014465691788526407 0.010053333333333286
0 0.657787776527934 0.3756333333333334 0.014881889763779549 0.014486666666666679
0 0.6573753280839895 0.5007133333333333 0.015418072740907346 0.029146666666666685
0 0.6422797150356205 0.4984733333333334 0.014769403824521887 0.028713333333333292
0 0.6424821897262842 0.36413333333333336 0.015013123359580039 0.0090933333333334
0 0.6423584551931009 0.37496 0.015418072740907346 0.013133333333333363
0 0.6429696287964004 0.33874 0.015013123359580039 0.012553333333333323
0 0.6431721034870641 0.31045333333333336 0.014120734908136428 0.011980000000000018
0 0.643453318335208 0.2994866666666667 0.014203224596925424 0.01024666666666667
0 0.62819647544057 0.3113933333333333 0.013715785526809122 0.014720000000000026
0 0.6282377202849644 0.2989133333333333 0.014281964754405754 0.01024666666666667
0 0.6277090363704536 0.3383066666666666 0.014851893513310883 0.013133333333333325
0 0.6274465691788527 0.37446666666666667 0.014248218972628422 0.012933333333333394
0 0.6274653168353956 0.3626666666666667 0.014435695538057743 0.011066666666666607
0 0.6272215973003374 0.49976666666666664 0.014698162729658725 0.028333333333333332
0 0.2807274090738658 0.3218533333333333 0.01302587176602925 0.011460000000000036
0 0.2801874765654293 0.28639333333333333 0.01302587176602925 0.015039999999999963
0 0.49460067491563553 0.33663333333333334 0.01409823772028493 0.006333333333333333
0 0.4941132358455193 0.3292 0.01402324709411327 0.008400000000000015
0 0.49420697412823394 0.36576666666666663 0.014435695538057743 0.01139999999999994
0 0.4937757780277466 0.35486666666666666 0.014248218972628422 0.010533333333333303
0 0.49381702287214096 0.38110666666666665 0.01364454443194596 0.012839999999999994
0 0.4943044619422572 0.30272666666666664 0.013127109111361161 0.013660000000000005
0 0.49436070491188605 0.29202666666666666 0.013014623172103501 0.007133333333333364
0 0.5089051368578927 0.30307333333333336 0.013333333333333313 0.013013333333333321
0 0.5086764154480691 0.29264 0.013712035995500624 0.007400000000000015
0 0.5376865391826021 0.2925666666666667 0.013160854893138323 0.006893333333333355
0 0.537724034495688 0.30376 0.013404574428196476 0.014640000000000025
0 0.5371203599550056 0.3296733333333333 0.01332208473940765 0.007033333333333303
0 0.5372815898012748 0.33735333333333334 0.013160854893138323 0.007179999999999988
0 0.5371616047994 0.3553733333333333 0.014049493813273266 0.009333333333333334
0 0.5371203599550056 0.36563333333333337 0.014615673040869899 0.01119999999999997
0 0.5373603299587552 0.3818533333333333 0.01428946381702292 0.01320666666666663
0 0.5370003749531309 0.4827066666666666 0.015016872890888707 0.04234666666666666
0 0.508395200599925 0.3294666666666667 0.013273340832395985 0.007073333333333342
0 0.5085789276340458 0.3374066666666667 0.013085864266966663 0.007480000000000018
0 0.5084176977877766 0.3672133333333334 0.013779527559055118 0.011346666666666654
0 0.508395200599925 0.35623333333333335 0.013918260217472774 0.010773333333333388
0 0.5085076865391827 0.3832466666666667 0.013412073490813642 0.014306666666666691
0 0.5079790026246719 0.48614 0.014566929133858233 0.03673999999999993
0 0.5223584551931009 0.48855333333333334 0.014195725534308258 0.03285333333333332
0 0.49345706786651666 0.48728 0.014559430071241067 0.02971999999999995
0 0.5225796775403074 0.3828066666666667 0.012838395200599843 0.0140933333333334
0 0.5225796775403074 0.3668 0.01386951631046111 0.011486666666666678
0 0.5225796775403074 0.35523333333333335 0.013697037870266292 0.011333333333333334
0 0.5228796400449943 0.33762000000000003 0.013610798650168798 0.0070466666666667
0 0.5227071616047994 0.33019333333333334 0.013097112860892327 0.008119999999999966
0 0.5231008623922009 0.30374 0.012437195350581205 0.012713333333333366
0 0.5230671166104237 0.29268666666666665 0.012373453318335208 0.009173333333333327
0 0.23775778027746533 0.3569666666666667 0.013873265841769778 0.01139999999999994
0 0.23766404199475066 0.3435666666666667 0.0140607424071991 0.015
0 0.19675290588676417 0.46791333333333335 0.012838395200599928 0.029333333333333333
0 0.2103337082864642 0.4705466666666667 0.01463067116610423 0.026839999999999992
0 0.5812410948631421 0.3841133333333333 0.013899512560929946 0.011859999999999976
0 0.611904761904762 0.30883333333333335 0.014285714285714252 0.013533333333333303
0 0.611886014248219 0.2974333333333333 0.014323209598800082 0.009133333333333363
0 0.6115110611173603 0.336 0.014923134608174047 0.011600000000000023
0 0.6115673040869891 0.3718666666666666 0.014885639295088045 0.011866666666666636
0 0.6116610423697038 0.36038000000000003 0.015451818522684678 0.010966666666666697
0 0.6115185601799775 0.49456666666666665 0.015009373828271541 0.027466666666666698
0 0.8885301837270342 0.38922666666666667 0.015508061492313338 0.015233333333333272
0 0.8883802024746906 0.3763533333333333 0.015928008998874976 0.011800000000000031
0 0.8881702287214098 0.35130000000000006 0.014784401949756389 0.009760000000000067
0 0.8884701912260968 0.32153333333333334 0.015868016497937648 0.013733333333333349
0 0.8886539182602174 0.3101066666666667 0.015264341957255357 0.008259999999999991
0 0.8884251968503937 0.51824 0.01645294338207728 0.02831333333333335
0 0.40960629921259845 0.3579 0.0135695538057743 0.013726666666666613
0 0.4236407949006374 0.35810666666666663 0.012632170978627693 0.012480000000000019
0 0.4374428196475441 0.35852666666666666 0.012632170978627693 0.014973333333333358
0 0.39510311211098614 0.3576933333333333 0.0135695538057743 0.01330666666666669
0 0.825984251968504 0.32084 0.013479565054368136 0.013353333333333314
0 0.8258492688413948 0.30877333333333334 0.013933258342707106 0.010779999999999972
0 0.825620547431571 0.34867333333333334 0.013843269591301114 0.010133333333333364
0 0.8251256092988377 0.38655333333333336 0.014293213348331418 0.014480000000000019
0 0.8249868766404199 0.37335999999999997 0.015110611173603367 0.011579999999999927
0 0.8110798650168729 0.30896666666666667 0.013010873640794833 0.011
0 0.873010873640795 0.3889866666666667 0.014660667416573065 0.013820000000000013
0 0.8729058867641545 0.37572000000000005 0.014349456317960418 0.013079999999999927
0 0.8726996625421821 0.35030000000000006 0.014248218972628422 0.011420000000000072
0 0.8730596175478065 0.32276 0.013727034120734786 0.014919999999999998
0 0.8720509936257969 0.30990666666666666 0.01626546681664796 0.010406666666666675
0 0.8721709786276716 0.5170666666666667 0.015984251968503976 0.03499333333333334
0 0.8563854518185227 0.38824000000000003 0.015586801649793666 0.013153333333333345
0 0.8567154105736784 0.3746133333333333 0.01651293588301461 0.014559999999999946
0 0.8557255343082114 0.51718 0.01638170228721395 0.03194000000000005
0 0.8571128608923885 0.32305999999999996 0.014664416947881393 0.015266666666666652
0 0.856981627296588 0.3092066666666667 0.01386951631046111 0.011980000000000018
0 0.8573865766779153 0.3485666666666667 0.015710536182976992 0.01726666666666669
0 0.8407874015748031 0.3864866666666667 0.015035620547431707 0.013713333333333291
0 0.8407874015748031 0.3734666666666667 0.015035620547431707 0.012326666666666673
0 0.841323584551931 0.34717333333333333 0.013959505061867102 0.017359999999999976
0 0.8413723284589426 0.31983333333333336 0.014255718035245758 0.011980000000000018
0 0.8412748406449193 0.30768 0.015620547431571 0.011279999999999972
0 0.8396550431196101 0.5147933333333333 0.016021747281589636 0.03857999999999993
0 0.8239482564679415 0.5106466666666667 0.01539182602174735 0.037460000000000035
0 0.8083052118485189 0.5105333333333333 0.015643044619422668 0.03857999999999993
0 0.7923434570678665 0.50784 0.016272965879264956 0.03678666666666671
0 0.5661754780652418 0.3844066666666667 0.01434570678665175 0.01589333333333328
0 0.5518335208098988 0.3833866666666667 0.01371953505811779 0.016446666666666714
0 0.5517285339332584 0.36722000000000005 0.01413573303337076 0.01330666666666669
0 0.5518335208098988 0.3543733333333333 0.01392950881139861 0.012013333333333322
0 0.551623547056618 0.33884666666666663 0.013513310836145468 0.010166666666666666
0 0.5516760404949381 0.3288666666666667 0.013408323959505144 0.009426666666666658
0 0.5967604049493813 0.3064466666666667 0.013734533183352122 0.009873333333333296
0 0.5968353955755531 0.2964333333333333 0.014503187101612237 0.010153333333333346
0 0.596527934008249 0.33538666666666667 0.014349456317960248 0.012346666666666693
0 0.5961792275965504 0.37044 0.015043119610048703 0.011933333333333395
0 0.5961679790026246 0.35927333333333333 0.01470566179227589 0.010126666666666702
0 0.8097487814023246 0.3862466666666667 0.014938132733408379 0.015160000000000007
0 0.8096400449943757 0.3731 0.014863142107236719 0.01139999999999994
0 0.7943382077240345 0.3862466666666667 0.015009373828271371 0.018266666666666726
0 0.7947019122609673 0.37076666666666663 0.014716910386201725 0.012693333333333308
0 0.5967304086989127 0.49350666666666665 0.014791901012373385 0.02778666666666671
0 0.5817510311211098 0.4918866666666667 0.015170603674540695 0.032366666666666634
0 0.5669966254218223 0.49054 0.014791901012373385 0.03129333333333337
0 0.552013498312711 0.4915466666666667 0.014866891638545215 0.03250666666666666
0 0.5820884889388827 0.29407333333333335 0.014353205849268916 0.008626666666666703
0 0.5819385076865392 0.3071 0.014150731158605092 0.016533333333333303
0 0.581169853768279 0.36982000000000004 0.014581927259092565 0.014079999999999928
0 0.581169853768279 0.35746000000000006 0.014581927259092565 0.010646666666666684
0 0.5662992125984252 0.36844666666666664 0.014968128983877043 0.012019999999999982
0 0.5662504686914136 0.35746000000000006 0.014870641169853713 0.009273333333333389
0 0.8095425571803525 0.35113333333333335 0.01503187101612304 0.017420000000000074
0 0.7943082114735658 0.34707333333333334 0.01489688788901371 0.013126666666666703
0 0.7953843269591301 0.31915333333333334 0.014360704911886082 0.01074000000000001
0 0.7951818522684665 0.30734666666666666 0.015568053993251008 0.0114533333333333
0 0.8109861267341583 0.3219666666666667 0.013573303337082796 0.014066666666666682
0 0.746872890888639 0.5039933333333333 0.015159355080614861 0.03648000000000002
0 0.7312560929883765 0.5062533333333333 0.016467941507311613 0.03148666666666668
0 0.5813835770528684 0.33169333333333334 0.013753280839894952 0.008259999999999991
0 0.5813835770528684 0.33941333333333334 0.013655793025871794 0.007166666666666667
0 0.566400449943757 0.3306 0.014319460067491584 0.008766666666666652
0 0.5664229471316086 0.3397866666666667 0.014559430071241067 0.009439999999999978
0 0.5667416572928384 0.30476666666666663 0.01409823772028493 0.014333333333333333
0 0.5665916760404949 0.29333333333333333 0.014398200224971913 0.008266666666666651
0 0.5519872515935509 0.3040666666666667 0.013610798650168798 0.012666666666666666
0 0.5520059992500937 0.2932 0.013123359580052493 0.008933333333333317
0 0.7490438695163105 0.34682666666666667 0.014259467566554256 0.009846666666666655
0 0.7485564304461942 0.3837466666666667 0.014953130858642711 0.01280000000000003
0 0.7325646794150731 0.3825 0.016520434945631775 0.014373333333333297
0 0.7326959130108736 0.3703133333333333 0.016261717285339292 0.010626666666666703
0 0.7486464191976003 0.37140666666666666 0.015290588676415523 0.012186666666666648
0 0.7340269966254218 0.34588 0.014394450693663245 0.010966666666666697
0 0.7338770153730784 0.31899333333333335 0.015256842894638191 0.01429333333333337
0 0.7343644544431945 0.30688666666666664 0.01520434945631803 0.009373333333333298
0 0.7499775028121485 0.30734666666666666 0.014281964754405754 0.009740000000000009
0 0.7500037495313086 0.31981333333333334 0.01392575928008994 0.013926666666666658
0 0.2237757780277465 0.35547333333333336 0.013235845519310068 0.013146666666666685
0 0.22355455568053995 0.3411466666666667 0.013678290213723292 0.015246666666666632
0 0.7787926509186351 0.3849066666666667 0.014701912260967393 0.01369999999999997
0 0.7790138732658418 0.3724666666666667 0.014968128983877043 0.010866666666666636
0 0.7799437570303712 0.3472733333333333 0.013817022872141118 0.010866666666666636
0 0.7799887514060743 0.32019333333333333 0.013903262092238442 0.01275333333333333
0 0.7798125234345707 0.30578666666666665 0.014259467566554085 0.01480000000000003
0 0.38185976752905887 0.35694666666666663 0.01296962879640042 0.015373333333333296
0 0.3679565054368204 0.35607333333333335 0.013854518185226863 0.013980000000000018
0 0.35361079865016876 0.35738000000000003 0.01326584176977882 0.014853333333333316
0 0.32535808023997004 0.3543266666666667 0.012380952380952374 0.012233333333333273
0 0.3393100862392201 0.35685999999999996 0.014345706786651665 0.014853333333333316
0 0.25236220472440946 0.35699333333333333 0.014754405699287555 0.014246666666666593
0 0.2517885264341957 0.34138666666666667 0.014881889763779549 0.017866666666666635
0 0.2661604799400075 0.2837133333333333 0.013100862392200995 0.011986666666666678
0 0.26590926134233217 0.31956 0.013355830521184811 0.01130666666666669
0 0.2663517060367454 0.3436466666666667 0.015009373828271456 0.011533333333333303
0 0.26673415823022123 0.35608666666666666 0.01424446944131984 0.013339999999999994
0 0.7620772403449569 0.5079933333333333 0.015489313835770593 0.03227333333333339
0 0.7770191226096738 0.51022 0.014394450693663415 0.03394000000000005
0 0.7637832770903638 0.38442666666666664 0.014990626171728541 0.013120000000000043
0 0.7638770153730784 0.3712266666666667 0.015181852268466444 0.013286666666666709
0 0.7640419947506562 0.34719999999999995 0.014758155230596223 0.01019333333333331
0 0.7655230596175479 0.31966666666666665 0.014990626171728456 0.010613333333333306
0 0.7652418447694038 0.30817333333333335 0.014615673040869814 0.010859999999999976
0 0.7156467941507312 0.5067066666666666 0.015043119610048703 0.03239333333333328
0 0.7003974503187101 0.5042533333333333 0.016010498687663972 0.035333333333333335
0 0.6862504686914136 0.5022933333333334 0.01311211098612666 0.030426666666666734
0 0.6726321709786277 0.5005999999999999 0.014259467566554256 0.03482666666666667
0 0.7172553430821148 0.38133333333333336 0.014398200224971913 0.012386666666666619
0 0.7172178477690289 0.3685333333333333 0.014634420697412899 0.012660000000000006
0 0.7020809898762654 0.38083333333333336 0.015110611173603367 0.011933333333333395
0 0.7019685039370079 0.3680666666666667 0.015185601799775027 0.014133333333333364
0 0.6870828646419198 0.37916666666666665 0.01421072365954259 0.011533333333333303
0 0.687007874015748 0.36743333333333333 0.0140607424071991 0.011933333333333395
0 0.6728533933258343 0.3777 0.014248218972628422 0.01260000000000006
0 0.6727409073865767 0.36483333333333334 0.014398200224971913 0.012866666666666636
0 0.7191226096737908 0.3046 0.014923134608174047 0.012266666666666651
0 0.7186164229471316 0.31676666666666664 0.013910761154855608 0.013
0 0.7036182977127858 0.31526666666666664 0.013835770528683948 0.011466666666666696
0 0.7036370453693288 0.3033666666666667 0.014848143982002215 0.011666666666666667
0 0.6876077990251218 0.31406666666666666 0.014360704911886082 0.010933333333333317
0 0.6876452943382078 0.30173333333333335 0.014960629921259877 0.013733333333333349
0 0.6736220472440945 0.31329999999999997 0.013460817397825306 0.012466666666666697
0 0.6735095613048369 0.3006333333333333 0.013235845519310155 0.013
0 0.6733595800524934 0.34326666666666666 0.013539557555305634 0.017486666666666678
0 0.6872965879265092 0.34027999999999997 0.014529433820772403 0.014146666666666648
0 0.7027896512935883 0.34234666666666663 0.014184476940382424 0.017746666666666633
0 0.7189013873265842 0.34374666666666664 0.015170603674540695 0.014413333333333299
0 0.42206224221972255 0.48088000000000003 0.013937007874015776 0.029873333333333297
0 0.4079340082489689 0.48147333333333336 0.014319460067491584 0.030046666666666624
0 0.3938057742782152 0.4801133333333333 0.013745781777277786 0.030386666666666617
0 0.3799137607799025 0.4785 0.013843269591301114 0.03326666666666673
0 0.36578552680914883 0.4779066666666667 0.013460817397825306 0.02970666666666663
0 0.3521822272215973 0.4775666666666667 0.01374578177727787 0.03276000000000007
0 0.3379077615298088 0.4751933333333333 0.014416947881514828 0.031739999999999935
0 0.20983877015373079 0.35601333333333335 0.014319460067491584 0.015233333333333272
0 0.20941132358455192 0.34153999999999995 0.01468691413573306 0.014579999999999965
0 0.19551931008623924 0.3540533333333334 0.012605924259467547 0.012620000000000043
0 0.19545931758530183 0.33969333333333335 0.012729658792650936 0.016099999999999986
0 0.25194225721784774 0.31956 0.013097112860892412 0.013706666666666631
0 0.23756280464941884 0.32032666666666665 0.014195725534308173 0.01480000000000003
0 0.22324334458192727 0.31728 0.012729658792650936 0.01480000000000003
0 0.20971878515185605 0.3188 0.01456317960254965 0.014359999999999975
0 0.19515185601799775 0.3181466666666667 0.013097112860892391 0.013926666666666658
0 0.25169853768278966 0.28430666666666665 0.013584551931008632 0.014580000000000003
0 0.23719535058117736 0.28496 0.013217097862767153 0.012839999999999994
0 0.2231196100487439 0.28213333333333335 0.0124821897262842 0.012839999999999994
0 0.20928758905136857 0.2825666666666667 0.014930633670791128 0.012406666666666675
0 0.1947844019497563 0.28268 0.013097112860892391 0.01349333333333334
0 0.12817022872140982 0.34758666666666665 0.01313085864266966 0.011673333333333327
0 0.14242594675665543 0.34798666666666667 0.012500937382827159 0.00991333333333326
0 0.14233595800524934 0.3375933333333333 0.013760779902512203 0.011193333333333309
0 0.12844019497562806 0.33591333333333334 0.01313085864266966 0.011673333333333327
0 0.11467941507311587 0.34623333333333334 0.012770903637045349 0.011193333333333309
0 0.11476940382452193 0.33463333333333334 0.01313085864266966 0.011673333333333327
0 0.10136857892763405 0.34623333333333334 0.013310836145481815 0.013113333333333343
0 0.10127859017622798 0.33288 0.01313085864266966 0.013593333333333324
3 0.06031121109861267 0.5243066666666667 0.017660292463442077 0.025473333333333358
3 0.06005999250093739 0.4505466666666667 0.01382827146606674 0.019553333333333284
3 0.05956130483689539 0.4139666666666667 0.01782527184101988 0.023399999999999938
3 0.0593100862392201 0.35219999999999996 0.016992875890513685 0.023106666666666685
3 0.058893888263967 0.3110266666666667 0.016494188226471695 0.022513333333333323
3 0.0589238845144357 0.2825266666666667 0.015219347581552297 0.018246666666666668
3 0.0588376452943382 0.25987333333333335 0.015748031496062992 0.019506666666666662
3 0.05875890513685789 0.24054666666666666 0.014566929133858276 0.018646666666666686
3 0.05871016122984627 0.22647333333333333 0.01466441694788152 0.010533333333333303
3 0.05871016122984627 0.2149866666666667 0.015249343832021003 0.012086666666666664
3 0.05866141732283464 0.20169333333333334 0.013790776152980867 0.011400000000000016
3 0.058807649043869516 0.1915 0.014278215223097107 0.007939999999999978
3 0.05904761904761904 0.17864 0.01437570303712035 0.009839999999999995
3 0.05895388076490438 0.16758666666666666 0.013985751781027376 0.008806666666666673
2 0.06022872140982377 0.35112 0.020074990626171737 0.4600866666666666
4 0.06005999250093739 0.13613333333333333 0.012377202849643791 0.008386666666666657
4 0.07223097112860892 0.13780666666666666 0.010194975628046494 0.007126666666666665
4 0.08410948631421072 0.13948666666666665 0.011788526434195725 0.007126666666666665
4 0.09913760779902511 0.14058666666666667 0.012729658792650925 0.009533333333333342
4 0.11422947131608548 0.13964000000000001 0.012849643794525677 0.006179999999999988
4 0.12931758530183726 0.14037333333333332 0.012377202849643791 0.007019999999999982
4 0.14296212973378328 0.14069333333333334 0.011612298462692175 0.009953333333333338
4 0.1534833145856768 0.14226 0.009193850768653911 0.012679999999999988
4 0.16438695163104614 0.14331333333333332 0.011788526434195746 0.010586666666666664
4 0.19318335208098988 0.14281333333333332 0.013033370828646416 0.011866666666666675
4 0.20794150731158606 0.14054666666666665 0.01298837645294342 0.01146666666666666
4 0.1783164604424447 0.14242 0.012493438320209993 0.01377333333333335
4 0.22292088488938883 0.13664666666666667 0.013389576302962143 0.020386666666666657
4 0.23805774278215222 0.14524666666666666 0.012407199100112455 0.008280000000000011
4 0.25223472065991753 0.14428666666666667 0.013344581927259062 0.009080000000000003
4 0.26688038995125607 0.14416666666666667 0.01253843269591303 0.006766666666666652
4 0.28116610423697036 0.13724 0.012898387701537341 0.021099999999999983
4 0.29625796775403074 0.14162 0.013078365204349497 0.015366666666666674
4 0.30938132733408324 0.13784 0.011016122984626963 0.018793333333333332
4 0.3225684289463817 0.14297333333333334 0.012407199100112455 0.014733333333333348
4 0.33741657292838395 0.14452666666666666 0.012718410198725187 0.009393333333333316
4 0.3525984251968504 0.14488666666666666 0.012452193475815537 0.008519999999999982
4 0.36753655793025874 0.14476666666666668 0.012673415823022106 0.009873333333333335
4 0.3828533933258343 0.14543999999999999 0.01249343832020995 0.009
4 0.3972065991751031 0.14656 0.011822272215973078 0.007406666666666676
4 0.41084364454443195 0.14524666666666666 0.011511061117360262 0.008759999999999992
4 0.42349456317960255 0.14026666666666668 0.011106111736032955 0.014893333333333317
4 0.4371541057367829 0.13907333333333335 0.01253843269591303 0.017120000000000003
4 0.4521822272215973 0.13994666666666666 0.012943382077240339 0.015686666666666686
4 0.4667341582302212 0.14838666666666667 0.01240719910011254 0.01377333333333335
4 0.4812035995500562 0.14826666666666666 0.012493438320210035 0.013853333333333353
4 0.49535433070866136 0.14672000000000002 0.01240719910011254 0.020146666666666646
4 0.5099100112485939 0.14711333333333332 0.01240719910011254 0.014893333333333317
4 0.8876527934008248 0.15098 0.014990626171728371 0.0072199999999999894
4 0.871477315335583 0.15235333333333334 0.014555680539932399 0.011693333333333347
4 0.8556392950881139 0.1518 0.015376827896513017 0.01074666666666667
4 0.8395350581177353 0.15231333333333333 0.014506936632920735 0.010059999999999984
4 0.8239145106861643 0.1533 0.014409448818897747 0.012040000000000002
4 0.8083464566929134 0.15282666666666667 0.014315710536183086 0.011606666666666684
4 0.7946606674165729 0.15386 0.01179977502812158 0.01074666666666667
4 0.7822797150356205 0.15222666666666668 0.01179977502812158 0.009546666666666662
4 0.7693438320209974 0.15360000000000001 0.012332208473940795 0.008166666666666666
4 0.7550543682039745 0.15498 0.01392575928008994 0.011780000000000011
4 0.7386614173228346 0.15510666666666667 0.014893138357705211 0.010320000000000011
4 0.7225084364454444 0.15214 0.013250843644544487 0.012120000000000004
4 0.7065766779152606 0.14844666666666667 0.01349081364829397 0.018139999999999986
4 0.6911736032995875 0.15192666666666665 0.01402324709411327 0.010833333333333334
4 0.6757255343082115 0.15072000000000002 0.012620922384701857 0.012379999999999995
4 0.6609261342332209 0.15029333333333333 0.013685789276340458 0.012379999999999995
4 0.6450881139857518 0.14676666666666668 0.013250843644544487 0.018053333333333324
4 0.6293963254593176 0.14625333333333332 0.013588301462317128 0.01857333333333334
4 0.6138507686539183 0.15149333333333334 0.010348706411698504 0.011866666666666675
4 0.5997300337457818 0.14947333333333335 0.013348331458567645 0.013326666666666672
4 0.5838695163104612 0.14801333333333333 0.013153355830521157 0.01573333333333335
4 0.5683239595050619 0.14857333333333334 0.013974503187101606 0.013066666666666681
4 0.5531871016122984 0.14711333333333332 0.012815898012748345 0.01719333333333335
4 0.5394300712410949 0.14634 0.012283464566929216 0.015646666666666684
4 0.524968128983877 0.14659333333333333 0.012474690663667035 0.013926666666666658
1 0.47566929133858254 0.14220666666666668 0.8508586426696663 0.04298666666666668