0 0.07394450693663292 0.4578066666666667 0.014405699287589058 0.02689333333333328
0 0.08775028121484814 0.45951333333333333 0.013685789276340458 0.02518666666666665
0 0.10155230596175477 0.46015333333333336 0.013445819272590932 0.02902666666666664
0 0.11475815523059618 0.4597266666666667 0.012965879265091879 0.02732000000000001
0 0.12857142857142856 0.4601 0.01311961004874391 0.029033333333333303
0 0.14196850393700788 0.46083999999999997 0.013232095988001485 0.028346666666666655
0 0.15724784401949757 0.46782666666666667 0.014004499437570312 0.027359999999999975
0 0.17100487439070117 0.46807333333333334 0.0126209223847019 0.028053333333333284
0 0.18373453318335206 0.4634466666666666 0.013284589426321691 0.03651999999999998
0 0.196854143232096 0.46748666666666666 0.012733408323959519 0.03119999999999997
0 0.21064116985376827 0.4684666666666667 0.014503187101612322 0.029033333333333303
0 0.22464566929133858 0.46896000000000004 0.013284589426321734 0.028053333333333284
0 0.23823772028496437 0.47186666666666666 0.014225721784776924 0.03307333333333327
0 0.2522984626921635 0.4699466666666666 0.014446944131983492 0.033566666666666606
0 0.07390326209223846 0.33353333333333335 0.012448443944506933 0.009466666666666696
0 0.07347206599175103 0.34409999999999996 0.01241094863142108 0.011666666666666667
0 0.08785151856017998 0.3354333333333333 0.012973378327709045 0.010466666666666697
0 0.08773903262092239 0.34559999999999996 0.013198350206224218 0.009733333333333311
3 0.06058492688413949 0.5231199999999999 0.01737157855268091 0.028339999999999994
3 0.06005624296962879 0.44962666666666673 0.013453318335208098 0.017140000000000023
3 0.05918260217472816 0.41432 0.015939257592800897 0.02241333333333326
3 0.059313835770528685 0.3525 0.016310461192350956 0.021940000000000053
3 0.058976377952755905 0.31098000000000003 0.015163104611923509 0.022039999999999962
3 0.05900262467191601 0.2827866666666667 0.014578177727784025 0.018066666666666682
3 0.058976377952755905 0.25961333333333336 0.01388451443569555 0.020146666666666684
3 0.05862767154105737 0.2403533333333333 0.014259467566554171 0.018900000000000014
3 0.058443944506936636 0.22641333333333333 0.01452568428946382 0.008606666666666646
3 0.05871016122984627 0.21709333333333333 0.014098237720284974 0.009080000000000003
3 0.05865766779152606 0.20257333333333336 0.013779527559055118 0.012580000000000003
3 0.05875890513685789 0.19167333333333333 0.013329583802024751 0.0090466666666667
3 0.05862767154105737 0.16901333333333335 0.012849643794525677 0.008280000000000011
3 0.058785151856018 0.17834666666666665 0.01349081364829397 0.009613333333333305
0 0.2528908886389202 0.35706000000000004 0.014008248968878853 0.013219999999999952
0 0.2523997000374953 0.3420933333333333 0.014866891638545215 0.01671333333333333
0 0.2665616797900262 0.34225333333333335 0.013333333333333313 0.011800000000000031
0 0.2668053993250844 0.35514666666666667 0.013824521934758114 0.013980000000000018
0 0.20976002999625046 0.35492666666666667 0.014499437570303739 0.012013333333333322
0 0.20954255718035247 0.3441133333333333 0.014683164604424478 0.010053333333333322
0 0.1829546306711661 0.35327333333333333 0.012182227221597303 0.010980000000000018
0 0.19590176227971504 0.35433333333333333 0.012609673790776172 0.011286666666666709
0 0.19556055493063365 0.34112 0.011758530183727018 0.014993333333333301
0 0.18299587551556057 0.33975333333333335 0.012692163479565062 0.01620666666666663
0 0.1822084739407574 0.3165533333333333 0.011177352830896117 0.0120466666666667
0 0.1816572928383952 0.28216 0.012392200974878123 0.011426666666666658
0 0.1564379452568429 0.34198 0.012797150356205473 0.011219999999999989
0 0.15655418072740906 0.3522266666666667 0.013029621297337833 0.009473333333333358
0 0.16952380952380952 0.34322 0.012448443944506954 0.01019333333333331
0 0.1696400449943757 0.3532066666666666 0.012680914885639313 0.01019333333333331
0 0.1010498687664042 0.33348666666666665 0.012508436445444325 0.012973333333333358
0 0.10128233970753656 0.346 0.01308586426696662 0.012046666666666662
0 0.11451443569553807 0.33513333333333334 0.012913385826771632 0.011533333333333303
0 0.11460067491563554 0.34558666666666665 0.01308586426696662 0.009366666666666636
0 0.12838020247469065 0.33642 0.012624671916010483 0.012460000000000037
0 0.12852643419572551 0.34774666666666665 0.013029621297337833 0.01060666666666672
0 0.14187476565429322 0.33734666666666663 0.012740907386576685 0.011839999999999995
0 0.141931008623922 0.34816 0.012857142857142843 0.009573333333333267
0 0.22360329958755157 0.3399466666666667 0.013190851143607072 0.016913333333333336
0 0.22379077615298087 0.35472000000000004 0.0135695538057743 0.012626666666666703
0 0.23742407199100113 0.34332666666666667 0.01445819272590924 0.01420666666666663
0 0.23774278215223096 0.35640666666666665 0.014330708661417333 0.012399999999999939
0 0.2811811023622047 0.3429933333333333 0.013445819272590889 0.009920000000000035
0 0.28111736032995877 0.35528 0.014079490063742015 0.014660000000000006
0 0.2953880764904387 0.34412 0.013445819272590889 0.009920000000000035
0 0.29519685039370075 0.35663333333333336 0.0135695538057743 0.014660000000000006
0 0.310607424071991 0.34265333333333337 0.015474315710536176 0.00879333333333337
0 0.3110498687664042 0.35438000000000003 0.016107986501687304 0.015106666666666721
0 0.31130483689538807 0.31931333333333334 0.014079490063742015 0.009919999999999997
0 0.3107986501687289 0.28120666666666666 0.015853018372703403 0.015786666666666633
0 0.2955793025871766 0.3208933333333333 0.013824521934758114 0.009919999999999997
0 0.2811286089238845 0.32096 0.012309711286089212 0.011033333333333303
0 0.2656130483689539 0.32050666666666666 0.012613423322084778 0.011213333333333367
0 0.2515260592425947 0.31933333333333336 0.014139482564679428 0.012839999999999994
0 0.23733408323959507 0.31906 0.014240719910011256 0.01374666666666667
0 0.22314210723659542 0.31698000000000004 0.012309711286089212 0.017179999999999987
0 0.2096625421822272 0.31806666666666666 0.014649418822647146 0.015013333333333321
0 0.1951668541432321 0.31761333333333336 0.013937007874015753 0.012660000000000006
0 0.2950843644544432 0.28491333333333335 0.013487064116985387 0.013153333333333345
0 0.2809673790776153 0.28629333333333334 0.014649418822647146 0.015386666666666694
0 0.2663667041619797 0.2838866666666667 0.01290963629546309 0.012633333333333364
0 0.25205474315710535 0.28384 0.013682039745031875 0.013406666666666676
0 0.23735658042744656 0.28513333333333335 0.013877015373078361 0.011859999999999976
0 0.22338582677165353 0.28289333333333333 0.013487064116985387 0.011693333333333309
0 0.20883389576302963 0.28271999999999997 0.0145519310086239 0.012033333333333302
0 0.19435320584926885 0.28328000000000003 0.011507311586051764 0.01229333333333337
0 0.5520059992500937 0.3671933333333333 0.01413573303337076 0.012566666666666606
0 0.5514285714285715 0.35616000000000003 0.013640794900637462 0.00920666666666663
0 0.5664266966629171 0.3572533333333333 0.01438320209973758 0.010813333333333352
0 0.5665916760404949 0.36799333333333334 0.01438320209973758 0.011539999999999963
0 0.5664266966629171 0.3842866666666666 0.01438320209973758 0.014320000000000012
0 0.5514698162729659 0.38326666666666664 0.01388826396700411 0.015193333333333309
0 0.5369253843269591 0.38216666666666665 0.014053243344581934 0.014466666666666697
0 0.294034495688039 0.4712733333333333 0.014315710536183001 0.035386666666666615
0 0.2798237720284964 0.47379333333333334 0.014101987251593513 0.03823333333333327
0 0.2659392575928009 0.47096000000000005 0.01345331833520814 0.03775333333333341
0 0.888612673415823 0.5186066666666667 0.018095238095238178 0.030480000000000017
0 0.8717660292463442 0.51522 0.016310461192350956 0.03301999999999998
0 0.8556355455568054 0.51554 0.0161904761904763 0.02942000000000007
0 0.8397412823397076 0.5146933333333333 0.0160704911886013 0.03365333333333335
0 0.8237757780277466 0.5105333333333333 0.015620547431571 0.03756666666666661
0 0.8083914510686164 0.5127200000000001 0.014904386951631047 0.035333333333333335
0 0.5813535808023997 0.3842466666666667 0.013745781777277786 0.01269999999999997
0 0.5813198350206225 0.3689733333333334 0.014758155230596223 0.013539999999999964
0 0.5814210723659543 0.3569866666666667 0.014825646794150717 0.010426666666666733
0 0.5814548181477316 0.3315266666666667 0.01394825646794144 0.007666666666666666
0 0.5813198350206225 0.3394333333333333 0.01394825646794144 0.008386666666666657
0 0.566291713535808 0.33913333333333334 0.01381327334083245 0.00802666666666668
0 0.5662579677540308 0.33080666666666664 0.014825646794150717 0.008146666666666686
0 0.5817097862767154 0.30516 0.013783277090363786 0.012099999999999984
0 0.5821372328458942 0.29392 0.01428946381702292 0.0080466666666667
0 0.5968616422947132 0.2962866666666667 0.014049493813273266 0.010233333333333348
0 0.596681664791901 0.30609333333333333 0.014011998500187436 0.00924666666666667
0 0.6120247469066367 0.2974866666666667 0.014128233970753594 0.0099533333333333
0 0.6119835020622423 0.30916666666666665 0.014049493813273266 0.013266666666666652
0 0.4941319835020622 0.3653133333333334 0.014394450693663245 0.011806666666666691
0 0.49390701162354705 0.35424 0.014694413198350227 0.010346666666666655
0 0.4937945256842895 0.38076 0.013577052868391466 0.012466666666666697
0 0.4940194975628046 0.33586666666666665 0.013723284589426288 0.0075600000000000216
0 0.4942407199100113 0.32758 0.013873265841769778 0.00875333333333333
0 0.49446569178852645 0.30298 0.013723284589426288 0.014720000000000026
0 0.4943907011623547 0.29209999999999997 0.01402324709411327 0.007026666666666642
0 0.5087326584176978 0.29225999999999996 0.01366329208848896 0.007666666666666666
0 0.5088226471691039 0.30365333333333333 0.01396700412448444 0.013820000000000013
0 0.5087326584176978 0.32897333333333334 0.013907011623547112 0.007666666666666666
0 0.5086426696662917 0.3369066666666667 0.01396700412448444 0.007773333333333312
0 0.5084889388826397 0.355 0.014150731158605092 0.01069333333333331
0 0.5083689538807649 0.3662266666666667 0.014030746156730436 0.0109066666666666
0 0.5084289463817023 0.3817733333333333 0.013543307086614132 0.013926666666666733
0 0.4513310836145482 0.3623666666666666 0.01360704911886013 0.013286666666666709
0 0.451496062992126 0.35057333333333335 0.013715785526809122 0.010313333333333351
0 0.4793213348331458 0.32766666666666666 0.013382077240344977 0.010906666666666676
0 0.47954630671166104 0.33758 0.013828271466066782 0.009320000000000012
0 0.47949006374203224 0.35414 0.014386951631046078 0.012693333333333308
0 0.47915635545556806 0.36683333333333334 0.01527934008248969 0.01229333333333337
0 0.46510311211098615 0.36118 0.012823397075365511 0.012886666666666617
0 0.4791076115485564 0.3825333333333333 0.013239595050618651 0.01530666666666669
0 0.47980502437195355 0.29173333333333334 0.013562054743157132 0.007846666666666655
0 0.4799662542182227 0.3035933333333333 0.013884514435695614 0.012820000000000012
0 0.309673790776153 0.4627466666666667 0.014330708661417333 0.04751999999999998
0 0.4235695538057743 0.35658666666666666 0.012849643794525677 0.015973333333333357
0 0.437787776527934 0.3587133333333334 0.012624671916010527 0.012533333333333303
0 0.52249343832021 0.38298000000000004 0.013419572553430808 0.015260000000000067
0 0.5228046494188227 0.36633333333333334 0.01362579677540313 0.011926666666666733
0 0.522883389576303 0.3551933333333333 0.01347206599175097 0.010359999999999975
0 0.5372665916760405 0.35547333333333336 0.014146981627296594 0.009986666666666678
0 0.5372140982377203 0.36606 0.014563179602549737 0.011373333333333296
0 0.8884889388826397 0.38922666666666667 0.015646794150730996 0.01429333333333337
0 0.8883164604424446 0.37593333333333334 0.016336707911510952 0.01229333333333337
0 0.8877952755905512 0.3514933333333333 0.015301837270341357 0.010453333333333375
0 0.8887064116985376 0.32137333333333334 0.015905511811023648 0.013220000000000027
0 0.8887926509186351 0.30976666666666663 0.015560554930633672 0.009679999999999987
0 0.6274165729283839 0.37309333333333333 0.014739407574053223 0.013146666666666685
0 0.6274390701162356 0.36134666666666665 0.014784401949756219 0.010339999999999993
0 0.611278590176228 0.3713266666666667 0.015099362579677533 0.012826666666666672
0 0.6113910761154855 0.35694 0.015328083989501353 0.01610666666666672
0 0.5962692163479565 0.37028666666666665 0.014199475065616756 0.012666666666666666
0 0.5964041994750656 0.35894666666666664 0.014199475065616756 0.009699999999999969
0 0.5964266966629171 0.3352333333333333 0.01434570678665175 0.012473333333333357
0 0.6114023247094112 0.33486 0.014765654293213389 0.012099999999999984
0 0.6283127109111362 0.29902 0.013824521934758114 0.010426666666666657
0 0.6280014998125235 0.31000666666666665 0.013614548181477296 0.010426666666666657
0 0.6277390326209225 0.33784 0.01455568053993257 0.012473333333333357
0 0.6426096737907762 0.36893333333333334 0.014975628046494209 0.02327333333333339
0 0.6429208848893888 0.33830666666666664 0.01455568053993257 0.013406666666666676
0 0.6429733783277091 0.31066 0.013614548181477296 0.012099999999999984
0 0.6433408323959505 0.2993933333333333 0.014765654293213389 0.011173333333333327
0 0.5667604049493813 0.294 0.013760779902512118 0.00680000000000003
0 0.5669666291713535 0.3043 0.013873265841769778 0.013400000000000014
0 0.5522684664416948 0.2925666666666667 0.012823397075365511 0.00780000000000003
0 0.5523622047244094 0.3048 0.013160854893138323 0.015333333333333332
0 0.5519122609673791 0.3295 0.01271091113610802 0.009666666666666667
0 0.5520997375328084 0.3389333333333333 0.013160854893138323 0.009600000000000023
0 0.5373078365204349 0.3289666666666667 0.013798275215598118 0.009266666666666652
0 0.5372140982377203 0.3379333333333333 0.013535808023996966 0.00880000000000003
0 0.5378102737157855 0.30276 0.013667041619797458 0.01224666666666667
0 0.5375515560554931 0.2894 0.013772028496437952 0.013359999999999976
0 0.5229958755155605 0.29144000000000003 0.012624671916010527 0.010019999999999982
0 0.5230483689538807 0.3033133333333334 0.01272965879265085 0.013726666666666687
0 0.5228908886389201 0.3295666666666667 0.012560929883764529 0.00780000000000003
0 0.5229846269216348 0.3390666666666667 0.012973378327709003 0.011333333333333334
0 0.3681739782527184 0.35632 0.013678290213723292 0.013553333333333285
0 0.40813648293963256 0.48088000000000003 0.014266966629171422 0.03266000000000001
0 0.3938695163104612 0.47809999999999997 0.013873265841769778 0.036133333333333365
0 0.37997000374953127 0.4774533333333333 0.01377202849643791 0.03672666666666661
0 0.3658830146231721 0.47842 0.014041994750656185 0.03317999999999999
0 0.351931008623922 0.4774533333333333 0.013682039745031875 0.030606666666666723
0 0.33802399700037494 0.4740666666666667 0.014131983502062262 0.03189333333333328
0 0.3238432695913011 0.47374666666666665 0.014405699287589079 0.031253333333333404
0 0.8726321709786277 0.37622000000000005 0.014720659917510393 0.0135933333333334
0 0.8728683914510686 0.3893066666666667 0.014671916010498729 0.012946666666666716
0 0.872583427071616 0.3505533333333334 0.0140982377202851 0.010173333333333328
0 0.8731271091113612 0.32308 0.013213348331458485 0.016646666666666685
0 0.8726059242594675 0.30823333333333336 0.014255718035245758 0.013039999999999963
0 0.35387701537307836 0.35657333333333335 0.01306336707911508 0.014846666666666654
0 0.3400674915635546 0.3554333333333333 0.014131983502062262 0.014086666666666739
0 0.3258267716535433 0.35448 0.013918260217472774 0.016753333333333405
0 0.8565691788526434 0.37494666666666665 0.015706786651668664 0.013533333333333303
0 0.856509186351706 0.3880466666666667 0.01582677165354332 0.013960000000000037
0 0.8574765654293213 0.34863333333333335 0.015343082114735685 0.01718666666666665
0 0.8403787026621672 0.3476666666666667 0.014979377577802707 0.016966666666666696
0 0.8571728533933258 0.32220666666666664 0.014499437570303739 0.015466666666666696
0 0.8572928383952007 0.3091066666666667 0.014499437570303739 0.010313333333333351
0 0.8415860517435322 0.31984666666666667 0.012804649418822511 0.012026666666666642
0 0.8417697787776528 0.30846 0.013412073490813812 0.012460000000000037
0 0.8255793025871767 0.3221 0.01389201349831278 0.016113333333333306
0 0.8255193100862391 0.30824666666666667 0.014499437570303739 0.012460000000000037
0 0.8254593175853019 0.34884666666666664 0.013412073490813812 0.01160000000000006
0 0.8249756280464942 0.3743 0.01582677165354332 0.012246666666666593
0 0.8248556430446193 0.38600666666666666 0.014859392575928049 0.012886666666666617
0 0.8407424071991002 0.37398000000000003 0.014739407574053393 0.012026666666666642
0 0.8408023997000376 0.38772666666666666 0.014859392575928049 0.01589333333333328
0 0.40937007874015746 0.3563266666666667 0.014075740532433432 0.016146666666666684
0 0.3953693288338958 0.3553866666666667 0.012714660667416519 0.018033333333333304
0 0.3819722534683165 0.3552533333333333 0.01316835395575549 0.017760000000000067
0 0.6581964754405699 0.33942 0.014450693663292075 0.01251333333333332
0 0.6732958380202475 0.3429666666666667 0.013708286464191956 0.018606666666666685
0 0.6577352830896138 0.36528 0.015005624296962873 0.013173333333333327
0 0.6577352830896138 0.3768066666666667 0.014821897262842219 0.011859999999999976
0 0.6588001499812524 0.31299333333333335 0.014540682414698239 0.014326666666666673
0 0.6587551556055493 0.3001466666666667 0.015189351331083697 0.011693333333333309
0 0.8103299587551557 0.32133333333333336 0.01423322084739409 0.01294666666666664
0 0.8102474690663667 0.3074133333333333 0.01385076865391811 0.015086666666666663
2 0.05967379077615298 0.33958666666666665 0.02040494938132734 0.43901999999999997
0 0.7328983877015374 0.3705866666666667 0.016010498687663972 0.01230000000000003
0 0.7328233970753656 0.3827466666666667 0.015699287589051328 0.013126666666666703
0 0.7486389201349831 0.371 0.014536932883389569 0.011193333333333309
0 0.7484851893513311 0.38281333333333334 0.015001874765654375 0.01299333333333334
0 0.7180914885639296 0.3432933333333334 0.016089238845144304 0.016033333333333302
0 0.7173940757405324 0.38232 0.014851893513310883 0.012320000000000011
0 0.8095313085864266 0.34901333333333334 0.0151068616422947 0.013806666666666691
0 0.8098837645294338 0.37474 0.014683164604424393 0.015559999999999945
0 0.8096025496812899 0.3860333333333333 0.014964379452568375 0.014559999999999946
0 0.7939295088113986 0.37273333333333336 0.014683164604424393 0.010039999999999964
0 0.7940007499062617 0.3844 0.014540682414698067 0.01330000000000003
0 0.7953543307086615 0.3189133333333333 0.013970753655793108 0.011726666666666687
0 0.7954818147731534 0.30626666666666663 0.014926884139482715 0.013266666666666652
0 0.7946081739782527 0.34702 0.013978252718410104 0.013579999999999965
0 0.7792988376452943 0.34708666666666665 0.014769403824522057 0.010120000000000042
0 0.7641319835020622 0.34638 0.014120734908136428 0.011786666666666671
0 0.7789726284214473 0.3731133333333333 0.014038245219347432 0.011366666666666636
0 0.7787926509186351 0.38559333333333334 0.01451818522684674 0.013173333333333327
0 0.7635583052118484 0.37189333333333335 0.015594300712410919 0.013806666666666691
0 0.7636182977127859 0.3850133333333333 0.014878140232470879 0.012426666666666733
0 0.7022909636295463 0.3675466666666667 0.014671916010498729 0.013046666666666625
0 0.7020284964379452 0.3790733333333333 0.015196850393700863 0.013739999999999933
0 0.7170941132358455 0.36906 0.014409448818897577 0.01420666666666663
0 0.686872890888639 0.37838000000000005 0.014330708661417248 0.012493333333333339
0 0.6868053993250843 0.36613333333333337 0.014743157105361891 0.01200666666666666
0 0.6726134233220847 0.3654 0.014469441319835075 0.01200666666666666
0 0.6728871391076116 0.37727999999999995 0.013918260217472774 0.013226666666666612
0 0.6870116235470566 0.34126666666666666 0.014330708661417248 0.012246666666666631
0 0.7027184101987252 0.34286 0.014053243344581934 0.015926666666666697
0 0.748395200599925 0.3465333333333333 0.014743157105361891 0.01298666666666668
0 0.7337907761529808 0.3455533333333334 0.013918260217472774 0.011026666666666643
0 0.77997375328084 0.32066 0.013363329583802147 0.012266666666666651
0 0.7800449943757031 0.3061 0.013997000374953104 0.01633333333333333
0 0.7657592800899887 0.31949333333333335 0.014773153355830555 0.011146666666666685
0 0.7655643044619423 0.30826 0.014870641169853798 0.011320000000000012
0 0.7499625046869142 0.30696 0.01419197600299959 0.009073333333333343
0 0.749865016872891 0.31858000000000003 0.014578177727784069 0.011753333333333331
0 0.7343269591301087 0.30668666666666666 0.014214473190851088 0.00875333333333333
0 0.7342332208473941 0.31932666666666665 0.01514435695538053 0.0135466666666667
0 0.7186689163854518 0.3161066666666667 0.01356580427446563 0.013053333333333361
0 0.7189013873265842 0.30478666666666665 0.015515560554930674 0.012226666666666688
0 0.7031983502062242 0.31579999999999997 0.013809523809523782 0.012173333333333328
0 0.7036107986501687 0.30278666666666665 0.014398200224971913 0.012586666666666664
0 0.687679040119985 0.31370000000000003 0.014870641169853713 0.011333333333333334
0 0.6877352830896138 0.30205333333333334 0.014750656167979057 0.01406000000000002
0 0.673753280839895 0.30132000000000003 0.013217097862767153 0.010913333333333336
0 0.6736932883389576 0.31244 0.013337082864641981 0.011333333333333334
0 0.7927821522309711 0.5102133333333334 0.01624671916010496 0.032839999999999994
0 0.7770941132358457 0.5117933333333333 0.015133108361454695 0.032839999999999994
0 0.6113048368953881 0.49260666666666664 0.015579302587176672 0.03402666666666664
0 0.6273265841769778 0.49874 0.015133108361454865 0.032046666666666626
4 0.06069741282339707 0.13579333333333332 0.013217097862767153 0.00874000000000001
4 0.07245594300712412 0.13702 0.009988751406074236 0.008466666666666659
4 0.08443944506936632 0.13934 0.011833520809898763 0.007653333333333345
4 0.09901012373453319 0.13979999999999998 0.013652043494563167 0.012299999999999993
4 0.114251968503937 0.13963333333333333 0.013089613798275203 0.007980000000000018
1 0.47432320959880014 0.1456533333333333 0.8530933633295837 0.05074666666666665
0 0.4223584551931009 0.48103999999999997 0.014521934758155237 0.03018666666666665
0 0.43621297337832776 0.48144 0.014075740532433432 0.03257333333333327
0 0.4503224596925384 0.48228666666666664 0.014240719910011256 0.030946666666666716
0 0.464514435695538 0.48494 0.01377577802774645 0.0359066666666666
0 0.47875515560554927 0.48608 0.014694413198350227 0.03205999999999994
0 0.761923509561305 0.5088066666666667 0.01532433445819277 0.02851333333333332
0 0.7466891638545182 0.5064266666666667 0.01514435695538053 0.03010000000000006
0 0.7308286464191975 0.5070600000000001 0.016572928383951937 0.029466666666666697
0 0.7151481064866891 0.50722 0.01514435695538053 0.031679999999999986
0 0.7001837270341208 0.5031 0.01514435695538053 0.03421333333333329
0 0.6860179977502812 0.5012 0.01318710161229849 0.02978000000000005
0 0.6721184851893514 0.5008866666666667 0.014968128983877043 0.03421333333333329
0 0.6569703787026622 0.5004066666666667 0.015324334458192685 0.035166666666666666
0 0.6423622047244095 0.4974 0.01461192350956123 0.03421333333333329
0 0.5964866891638545 0.49246 0.01442069741282341 0.02948666666666668
0 0.5817622797150356 0.4918733333333333 0.015253093363329523 0.03202666666666664
0 0.5666629171353581 0.4907133333333334 0.014484439445069407 0.03161333333333338
0 0.5522534683164604 0.49078 0.014180727409073926 0.03311333333333338
0 0.5373453318335207 0.48274 0.015481814773153342 0.04265333333333335
0 0.5225534308211474 0.48778666666666665 0.01394825646794144 0.032566666666666605
0 0.5080314960629921 0.48675999999999997 0.015099362579677533 0.035160000000000004
0 0.49339332583427076 0.4866266666666667 0.014484439445069407 0.029980000000000017
4 0.1294150731158605 0.13970000000000002 0.012335958005249335 0.008200000000000008
4 0.14319460067491563 0.14093333333333333 0.01124859392575928 0.008666666666666666
4 0.1533745781777278 0.14203333333333334 0.008586426696662909 0.008599999999999984
4 0.16426696662917137 0.14383333333333334 0.012148481439820015 0.009400000000000016
4 0.17830896137982752 0.14353333333333335 0.012110986126734141 0.011333333333333334
4 0.19295088113985753 0.14323333333333332 0.013348331458567666 0.010599999999999984
4 0.20800524934383202 0.14079999999999998 0.012635920509936276 0.011733333333333349
4 0.22319085114360704 0.13693333333333332 0.014135733033370845 0.020400000000000015
4 0.29672665916760405 0.14187333333333332 0.012242219722534716 0.01451333333333332
4 0.2814060742407199 0.13782666666666668 0.013190851143607072 0.02071999999999999
4 0.2525684289463817 0.14539333333333335 0.012422197225346873 0.007466666666666659
4 0.2670341207349081 0.14482 0.012242219722534716 0.008413333333333337
4 0.23822647169103864 0.14497333333333334 0.012954630671166088 0.008306666666666653
4 0.3094413198350206 0.13829333333333332 0.012005999250093732 0.020826666666666674
4 0.32275215598050244 0.14150666666666667 0.013190851143607072 0.01671999999999999
4 0.3378365204349456 0.14508000000000001 0.013070866141732246 0.01125333333333333
4 0.8878215223097113 0.15075333333333332 0.01449568803899507 0.008933333333333317
4 0.8710611173603299 0.15214666666666665 0.014743157105361721 0.014353333333333353
4 0.8552455943007125 0.15141333333333334 0.014413198350206075 0.009373333333333334
4 0.8396812898387701 0.15287333333333333 0.014083239595050768 0.011713333333333329
4 0.8239520059992501 0.15272666666666668 0.014413198350206075 0.01200666666666666
4 0.8080577427821523 0.15265333333333334 0.014413198350206075 0.011566666666666682
4 0.7947731533558304 0.15307333333333334 0.012422197225346873 0.010426666666666657
4 0.7820922384701913 0.15184666666666669 0.011904761904761904 0.010426666666666657
4 0.7694975628046494 0.15223333333333333 0.012767154105736851 0.011200000000000007
4 0.7549193850768654 0.15506666666666666 0.014319460067491584 0.011353333333333352
4 0.7385714285714285 0.15506666666666666 0.014923134608174047 0.011966666666666658
4 0.7222684664416947 0.15292 0.01388826396700411 0.01472666666666665
4 0.7065241844769403 0.14886 0.013974503187101606 0.018559999999999983
4 0.6910386201724784 0.15154 0.014923134608174047 0.011660000000000005
4 0.6757705286839145 0.15116000000000002 0.013370828646419143 0.014266666666666651
4 0.660588676415448 0.15000666666666665 0.014405699287589079 0.013806666666666653
4 0.6442407199100113 0.14794 0.014319460067491584 0.01978666666666667
4 0.452167229096363 0.13973333333333332 0.013370828646419143 0.01779333333333333
4 0.46665916760404946 0.14763333333333334 0.013198350206224153 0.015186666666666649
4 0.48128233970753653 0.14379333333333333 0.013629546306711628 0.02653333333333334
4 0.4953018372703412 0.1464 0.012680914885639357 0.020400000000000015
4 0.6287514060742407 0.14649333333333334 0.014281964754405754 0.01953333333333334
4 0.6137382827146607 0.15024 0.010986126734158299 0.012693333333333346
4 0.5995013123359579 0.1491 0.014008248968878938 0.013673333333333327
4 0.583753280839895 0.14828666666666668 0.014188226471691092 0.016599999999999986
4 0.5681927259092613 0.14958666666666667 0.014188226471691092 0.014
4 0.5529958755155605 0.14950666666666665 0.013273340832395985 0.013513333333333322
4 0.5394000749906261 0.14608666666666667 0.012268466441694712 0.017413333333333336
4 0.5248443944506936 0.14641333333333334 0.012999625046869169 0.01546666666666666
4 0.509782527184102 0.14706666666666665 0.013273340832395985 0.016113333333333344
4 0.4372553430821148 0.1432 0.012418447694038205 0.01149333333333334
4 0.42343457067866513 0.1406 0.011331083614548106 0.014446666666666677
4 0.41067491563554553 0.14426666666666668 0.011102362204724457 0.011193333333333347
4 0.3971128608923884 0.14624666666666666 0.012129733783277056 0.008446666666666677
4 0.38280839895013125 0.14528 0.012703412073490855 0.00997333333333332
4 0.367615298087739 0.14584 0.012647169103862025 0.01271999999999999
4 0.3526509186351706 0.14548666666666665 0.01258717660292461 0.011799999999999993