0 0.87109375 0.14921875 0.0390625 0.0203125
0 0.7953125 0.15 0.034375 0.0171875
0 0.8328125 0.15 0.0390625 0.0171875
0 0.68359375 0.15234375 0.0359375 0.0171875
0 0.72109375 0.15234375 0.034375 0.0140625
0 0.6109375 0.15390625 0.034375 0.0171875
0 0.27734375 0.15390625 0.0390625 0.0203125
0 0.46171875 0.15390625 0.034375 0.0171875
0 0.5 0.1546875 0.034375 0.0171875
0 0.57421875 0.1546875 0.034375 0.0171875
0 0.646875 0.1546875 0.034375 0.0171875
0 0.38671875 0.1546875 0.0390625 0.0203125
0 0.5375 0.1546875 0.0359375 0.0171875
0 0.4265625 0.1578125 0.034375 0.0203125
0 0.240625 0.1578125 0.0359375 0.0171875
0 0.165625 0.16015625 0.0328125 0.0171875
0 0.0921875 0.1609375 0.0375 0.0171875
2 0.15234375 0.56015625 0.04375 0.1203125
0 0.22578125 0.584375 0.034375 0.0203125
0 0.78515625 0.584375 0.040625 0.0203125
0 0.26328125 0.58671875 0.0359375 0.021875
0 0.33671875 0.58671875 0.0390625 0.0203125
0 0.52265625 0.5875 0.034375 0.0171875
0 0.709375 0.5875 0.0390625 0.0171875
0 0.4859375 0.5875 0.034375 0.0171875
0 0.4484375 0.5875 0.0359375 0.0171875
0 0.671875 0.5875 0.034375 0.0171875
0 0.634375 0.5875 0.0390625 0.0203125
0 0.56015625 0.5890625 0.034375 0.0171875
3 0.15234375 0.60546875 0.034375 0.021875
3 0.1515625 0.56484375 0.0328125 0.021875
3 0.1515625 0.54296875 0.0328125 0.0125
3 0.1515625 0.5296875 0.0328125 0.0125
3 0.15 0.5203125 0.03125 0.0078125
3 0.15 0.51171875 0.03125 0.0078125
4 0.14921875 0.4828125 0.0359375 0.0203125
4 0.78359375 0.478125 0.0390625 0.025
4 0.7453125 0.478125 0.034375 0.021875
4 0.709375 0.478125 0.0359375 0.025
4 0.671875 0.478125 0.0359375 0.021875
4 0.63359375 0.4796875 0.0359375 0.021875
4 0.59609375 0.478125 0.034375 0.025
4 0.55859375 0.478125 0.034375 0.021875
4 0.5203125 0.478125 0.0359375 0.0203125
4 0.484375 0.4796875 0.034375 0.025
4 0.3703125 0.4796875 0.034375 0.0203125
4 0.446875 0.4796875 0.0390625 0.025
4 0.25859375 0.4796875 0.0390625 0.021875
4 0.1875 0.484375 0.034375 0.0203125
4 0.22265625 0.48046875 0.034375 0.0203125
4 0.33515625 0.48046875 0.0390625 0.021875
1 0.4703125 0.4796875 0.678125 0.034375
3 0.05625 0.18515625 0.0359375 0.0203125
3 0.05390625 0.134375 0.0359375 0.021875
3 0.0515625 0.1140625 0.03125 0.0171875
3 0.0515625 0.10078125 0.034375 0.0125
3 0.0515625 0.09140625 0.0359375 0.009375
3 0.0515625 0.08203125 0.0359375 0.009375
4 0.05078125 0.0484375 0.0390625 0.025
4 0.1609375 0.0453125 0.03125 0.025
4 0.1984375 0.046875 0.034375 0.0203125
4 0.0875 0.05078125 0.034375 0.021875
4 0.31015625 0.0421875 0.0359375 0.0234375
4 0.23671875 0.04296875 0.0359375 0.025
4 0.83203125 0.0421875 0.034375 0.0234375
4 0.6828125 0.03984375 0.0390625 0.025
4 0.64765625 0.03515625 0.034375 0.025
4 0.609375 0.03515625 0.0359375 0.0203125
4 0.5734375 0.0375 0.034375 0.021875
4 0.3484375 0.040625 0.0296875 0.025
4 0.796875 0.0359375 0.0359375 0.0203125
1 0.4625 0.040625 0.875 0.0453125
4 0.87265625 0.0359375 0.04375 0.021875
4 0.27421875 0.03984375 0.0359375 0.021875
4 0.384375 0.0375 0.0390625 0.03125
4 0.4234375 0.0359375 0.0359375 0.0296875
4 0.46015625 0.03984375 0.034375 0.0296875
4 0.49609375 0.0359375 0.0359375 0.0234375
4 0.5359375 0.0375 0.034375 0.0265625
4 0.71875 0.03359375 0.034375 0.0203125
4 0.75703125 0.03515625 0.0359375 0.0296875
4 0.40859375 0.4796875 0.0390625 0.0265625
0 0.4125 0.58671875 0.03125 0.0171875
2 0.05390625 0.1296875 0.0453125 0.1375