0 0.83203125 0.14921875 0.0359375 0.0203125
0 0.87109375 0.14921875 0.0390625 0.0171875
0 0.79453125 0.15 0.0390625 0.0171875
0 0.68359375 0.15234375 0.034375 0.0171875
0 0.72109375 0.15234375 0.0390625 0.0171875
0 0.5 0.15390625 0.0390625 0.0171875
0 0.6109375 0.15390625 0.034375 0.0171875
0 0.4625 0.15390625 0.034375 0.0171875
0 0.27890625 0.15390625 0.0328125 0.0171875
0 0.57421875 0.1546875 0.034375 0.0203125
0 0.5375 0.1546875 0.034375 0.0203125
0 0.64765625 0.1546875 0.0390625 0.0203125
0 0.38828125 0.1546875 0.0328125 0.0203125
0 0.42578125 0.1546875 0.0359375 0.0171875
0 0.24140625 0.15625 0.034375 0.0171875
0 0.1671875 0.15859375 0.0359375 0.0171875
0 0.2046875 0.15859375 0.0359375 0.0171875
0 0.09375 0.1609375 0.034375 0.0140625
2 0.15234375 0.5625 0.0515625 0.1140625
0 0.78515625 0.58515625 0.040625 0.0171875
0 0.26328125 0.58671875 0.0328125 0.0140625
0 0.22578125 0.58671875 0.034375 0.0140625
0 0.71015625 0.58671875 0.0390625 0.0171875
0 0.3375 0.5875 0.0328125 0.0171875
0 0.6734375 0.5875 0.0359375 0.0171875
0 0.52421875 0.5875 0.034375 0.0171875
0 0.6359375 0.5875 0.034375 0.0171875
0 0.4484375 0.5875 0.034375 0.0171875
0 0.4859375 0.5875 0.0359375 0.0171875
0 0.56015625 0.5890625 0.034375 0.0171875
3 0.15234375 0.5640625 0.0296875 0.0171875
3 0.15234375 0.60546875 0.03125 0.0203125
3 0.1515625 0.54296875 0.0296875 0.0171875
3 0.1515625 0.5296875 0.0296875 0.0125
3 0.15 0.5203125 0.0296875 0.0078125
3 0.15 0.51171875 0.0296875 0.0078125
1 0.4671875 0.48828125 0.6859375 0.0765625
4 0.14765625 0.48828125 0.0359375 0.0359375
4 0.2609375 0.4859375 0.034375 0.0578125
4 0.22265625 0.48828125 0.0390625 0.05625
4 0.18359375 0.4890625 0.034375 0.053125
4 0.33515625 0.49140625 0.0359375 0.053125
4 0.3734375 0.4890625 0.0328125 0.05625
4 0.4484375 0.49296875 0.034375 0.05625
4 0.484375 0.4890625 0.0359375 0.053125
4 0.521875 0.49140625 0.0359375 0.05625
4 0.55859375 0.48671875 0.034375 0.0578125
4 0.59609375 0.48828125 0.034375 0.0515625
4 0.634375 0.490625 0.0390625 0.0515625
4 0.671875 0.4890625 0.034375 0.053125
4 0.709375 0.48828125 0.0390625 0.05625
4 0.78359375 0.484375 0.0359375 0.0515625
4 0.74609375 0.4796875 0.0359375 0.04375
3 0.05625 0.1859375 0.0296875 0.0171875
3 0.05546875 0.1359375 0.03125 0.0171875
3 0.053125 0.1140625 0.0296875 0.0140625
3 0.053125 0.10078125 0.0296875 0.0125
3 0.053125 0.09140625 0.0296875 0.009375
3 0.053125 0.08203125 0.034375 0.009375
1 0.4640625 0.040625 0.8828125 0.05625
4 0.04921875 0.053125 0.034375 0.034375
4 0.16015625 0.04296875 0.0390625 0.034375
4 0.31015625 0.04296875 0.0328125 0.03125
4 0.34765625 0.0421875 0.034375 0.0328125
4 0.8703125 0.040625 0.0359375 0.040625
4 0.8328125 0.04296875 0.0390625 0.04375
4 0.75703125 0.0421875 0.034375 0.03125
4 0.68359375 0.0359375 0.03125 0.034375
4 0.7203125 0.0359375 0.0359375 0.034375
4 0.6109375 0.0421875 0.03125 0.0390625
0 0.3109375 0.07109375 0.0296875 0.0171875
0 0.3484375 0.07109375 0.034375 0.0203125
0 0.1625 0.071875 0.03125 0.0171875
0 0.20078125 0.071875 0.034375 0.0171875
0 0.75703125 0.06875 0.034375 0.0171875
2 0.05390625 0.13671875 0.0453125 0.134375