2 0.1734375 0.20078125 0.040625 0.303125
1 0.546875 0.62734375 0.7328125 0.059375
1 0.55078125 0.06875 0.7953125 0.0578125
4 0.17421875 0.06484375 0.021875 0.025
4 0.19921875 0.06640625 0.021875 0.025
4 0.228125 0.06640625 0.025 0.025
4 0.57578125 0.06484375 0.0265625 0.03125
4 0.54921875 0.06484375 0.028125 0.03125
4 0.603125 0.0640625 0.0265625 0.03125
4 0.63125 0.06484375 0.0265625 0.03125
4 0.41796875 0.06640625 0.025 0.03125
4 0.66796875 0.6265625 0.034375 0.0359375
4 0.63203125 0.6265625 0.03125 0.0390625
4 0.88359375 0.6234375 0.0359375 0.04375
4 0.84765625 0.6234375 0.034375 0.040625
4 0.8140625 0.62265625 0.034375 0.040625
4 0.59765625 0.625 0.034375 0.0390625
4 0.34375 0.62734375 0.034375 0.0390625
4 0.3796875 0.62734375 0.034375 0.040625
4 0.415625 0.62890625 0.0359375 0.0390625
4 0.4515625 0.6265625 0.03125 0.0390625
4 0.48828125 0.62734375 0.034375 0.040625
4 0.521875 0.625 0.028125 0.0390625
4 0.55859375 0.6265625 0.0359375 0.0390625
4 0.19921875 0.6296875 0.03125 0.0390625
4 0.234375 0.6296875 0.0390625 0.0390625
4 0.2703125 0.62890625 0.034375 0.0390625
4 0.3078125 0.62890625 0.0390625 0.0359375
4 0.775 0.625 0.04375 0.04375
4 0.73671875 0.625 0.0359375 0.0390625
4 0.7015625 0.625 0.034375 0.0390625
4 0.33671875 0.0640625 0.0296875 0.034375
4 0.2796875 0.06640625 0.0296875 0.0390625
4 0.3078125 0.0640625 0.0265625 0.0375
4 0.390625 0.06484375 0.0265625 0.0359375
4 0.3640625 0.06484375 0.0234375 0.0359375
4 0.46875 0.06484375 0.0296875 0.0359375
4 0.4421875 0.06484375 0.025 0.0375
4 0.4953125 0.06484375 0.025 0.0375
4 0.521875 0.06484375 0.028125 0.0375
4 0.25390625 0.06640625 0.025 0.0265625
4 0.84140625 0.06640625 0.0296875 0.0359375
4 0.78828125 0.06875 0.03125 0.040625
4 0.86875 0.06640625 0.0265625 0.0390625
4 0.9234375 0.0671875 0.0296875 0.034375
3 0.1765625 0.19921875 0.0296875 0.021875
3 0.17421875 0.28125 0.0296875 0.0203125
3 0.1734375 0.328125 0.03125 0.0296875
4 0.65859375 0.06484375 0.025 0.03125
4 0.68125 0.0640625 0.025 0.028125
4 0.74140625 0.06640625 0.021875 0.0359375
4 0.76171875 0.06484375 0.0203125 0.034375
4 0.72109375 0.0640625 0.0171875 0.0359375
4 0.703125 0.0625 0.0171875 0.03125
4 0.81640625 0.06640625 0.025 0.0265625
4 0.896875 0.06484375 0.025 0.03125