1 0.53125 0.109375 0.8703125 0.065625
2 0.125 0.1984375 0.040625 0.16875
0 0.1578125 0.24609375 0.0359375 0.0171875
0 0.19609375 0.2484375 0.0328125 0.0171875
0 0.23046875 0.2515625 0.034375 0.0140625
0 0.30546875 0.25234375 0.0359375 0.0171875
0 0.26796875 0.25234375 0.0328125 0.0171875
0 0.3765625 0.25703125 0.0328125 0.0171875
0 0.41328125 0.25859375 0.03125 0.0171875
0 0.44921875 0.25859375 0.034375 0.0171875
0 0.48671875 0.2609375 0.03125 0.0140625
0 0.521875 0.26171875 0.034375 0.0140625
0 0.56015625 0.26328125 0.03125 0.0140625
0 0.63203125 0.2640625 0.034375 0.0171875
0 0.59609375 0.2640625 0.034375 0.0140625
0 0.66796875 0.26796875 0.034375 0.0140625
0 0.74296875 0.26953125 0.034375 0.0171875
0 0.78125 0.271875 0.034375 0.0140625
0 0.81875 0.27265625 0.03125 0.0171875
0 0.85546875 0.27265625 0.034375 0.0171875
0 0.89296875 0.275 0.034375 0.0140625
0 0.93125 0.275 0.034375 0.0140625
1 0.51171875 0.43984375 0.6921875 0.0453125
2 0.19375 0.5359375 0.040625 0.15625
0 0.228125 0.58203125 0.03125 0.0125
0 0.2640625 0.5828125 0.03125 0.0125
0 0.3015625 0.5828125 0.0296875 0.0125
0 0.33671875 0.584375 0.0296875 0.0125
0 0.3765625 0.58515625 0.0328125 0.0125
0 0.4125 0.58671875 0.03125 0.0140625
0 0.4484375 0.5875 0.034375 0.0140625
0 0.4859375 0.58984375 0.03125 0.0125
0 0.56015625 0.58984375 0.03125 0.0125
0 0.59609375 0.59140625 0.028125 0.0125
0 0.52265625 0.59140625 0.0234375 0.009375
0 0.634375 0.5921875 0.034375 0.0125
0 0.7078125 0.59375 0.028125 0.0125
0 0.7453125 0.59375 0.03125 0.0140625
0 0.82109375 0.5953125 0.034375 0.0125
0 0.7828125 0.59765625 0.0265625 0.009375
3 0.1890625 0.60234375 0.0296875 0.0125
3 0.19140625 0.55390625 0.03125 0.0125
3 0.1921875 0.52734375 0.0296875 0.0125
3 0.1921875 0.5109375 0.03125 0.0140625
3 0.19453125 0.49375 0.03125 0.0140625
3 0.19453125 0.478125 0.034375 0.0140625
4 0.196875 0.43515625 0.03125 0.021875
4 0.234375 0.43125 0.03125 0.0140625
4 0.2703125 0.43125 0.0265625 0.0140625
4 0.3078125 0.4328125 0.0296875 0.0125
4 0.34609375 0.43359375 0.0296875 0.0125
4 0.38203125 0.43359375 0.0265625 0.0125
4 0.4203125 0.43515625 0.03125 0.0140625
4 0.45703125 0.43515625 0.0296875 0.0140625
4 0.49375 0.4390625 0.0296875 0.0125
4 0.5328125 0.43984375 0.0265625 0.0125
4 0.56953125 0.43984375 0.028125 0.0125
4 0.60546875 0.44140625 0.0265625 0.0125
4 0.6421875 0.4421875 0.0265625 0.0125
4 0.7171875 0.44453125 0.0265625 0.0125
4 0.83203125 0.446875 0.0265625 0.0125
4 0.7546875 0.446875 0.03125 0.0140625
4 0.7953125 0.446875 0.034375 0.0171875
3 0.11875 0.26953125 0.03125 0.0140625
3 0.12109375 0.21875 0.0296875 0.0140625
3 0.12265625 0.19375 0.0296875 0.009375
3 0.1234375 0.17578125 0.03125 0.0140625
3 0.1234375 0.1578125 0.03125 0.0140625
3 0.12265625 0.1421875 0.0296875 0.0125
4 0.12734375 0.09140625 0.0265625 0.0125
4 0.1625 0.08984375 0.0265625 0.0125
4 0.1984375 0.09140625 0.0296875 0.0125
4 0.2359375 0.0921875 0.0296875 0.0125
4 0.27421875 0.09375 0.0296875 0.0140625
4 0.3109375 0.0953125 0.0296875 0.0140625
4 0.3484375 0.09765625 0.0296875 0.0125
4 0.3859375 0.0984375 0.0234375 0.0140625
4 0.421875 0.1 0.03125 0.0140625
4 0.459375 0.1 0.0265625 0.0140625
4 0.49609375 0.10078125 0.0296875 0.0125
4 0.53359375 0.10234375 0.03125 0.0140625
4 0.56953125 0.103125 0.0265625 0.0125
4 0.90625 0.11796875 0.0296875 0.0125
4 0.9421875 0.11796875 0.03125 0.0125
4 0.8703125 0.115625 0.0265625 0.0125
4 0.8328125 0.1140625 0.0296875 0.0140625
4 0.79453125 0.11328125 0.0265625 0.0171875
4 0.75625 0.11171875 0.028125 0.0140625
4 0.72109375 0.109375 0.03125 0.0171875
4 0.6859375 0.10703125 0.028125 0.0171875
4 0.646875 0.10703125 0.034375 0.0171875
4 0.609375 0.1046875 0.03125 0.0171875