2 0.03828125 0.2078125 0.0453125 0.3203125
1 0.49296875 0.62734375 0.8890625 0.0484375
1 0.5 0.06875 0.9734375 0.0484375
3 0.0421875 0.19921875 0.0390625 0.0265625
3 0.03984375 0.2765625 0.0359375 0.0265625
3 0.03828125 0.32578125 0.0390625 0.0265625
4 0.0359375 0.06953125 0.0296875 0.040625
4 0.07109375 0.0671875 0.0296875 0.0359375
4 0.10546875 0.0671875 0.03125 0.0359375
4 0.1390625 0.06875 0.03125 0.034375
4 0.171875 0.0671875 0.03125 0.034375
4 0.20546875 0.0671875 0.0328125 0.034375
4 0.23828125 0.06640625 0.0296875 0.03125
4 0.271875 0.0671875 0.0328125 0.0359375
4 0.30390625 0.06484375 0.0296875 0.0359375
4 0.33671875 0.06640625 0.034375 0.034375
4 0.36875 0.06640625 0.0296875 0.034375
4 0.40234375 0.0640625 0.0296875 0.034375
4 0.96015625 0.0640625 0.040625 0.034375
4 0.896875 0.0640625 0.0359375 0.034375
4 0.86171875 0.0640625 0.034375 0.034375
4 0.8296875 0.06484375 0.0296875 0.034375
4 0.796875 0.06640625 0.03125 0.034375
4 0.7640625 0.06640625 0.03125 0.034375
4 0.73046875 0.06484375 0.034375 0.034375
4 0.6984375 0.06484375 0.034375 0.034375
4 0.66484375 0.06640625 0.0359375 0.0359375
4 0.63203125 0.06640625 0.03125 0.0390625
4 0.6 0.06640625 0.034375 0.034375
4 0.5671875 0.06640625 0.034375 0.034375
4 0.53359375 0.06484375 0.034375 0.0359375
4 0.5015625 0.06484375 0.034375 0.03125
4 0.4671875 0.06640625 0.03125 0.034375
4 0.43515625 0.06640625 0.034375 0.0359375
4 0.9265625 0.06640625 0.0265625 0.03125
4 0.07109375 0.63125 0.0359375 0.034375
4 0.115625 0.6296875 0.0375 0.040625
4 0.16015625 0.6296875 0.034375 0.0390625
4 0.203125 0.6296875 0.0359375 0.0359375
4 0.24765625 0.62734375 0.0359375 0.0359375
4 0.29296875 0.62890625 0.034375 0.034375
4 0.33671875 0.63125 0.0359375 0.034375
4 0.38125 0.6296875 0.0359375 0.040625
4 0.42578125 0.62890625 0.0390625 0.0390625
4 0.46875 0.63125 0.0390625 0.04375
4 0.5140625 0.62890625 0.04375 0.04375
4 0.55859375 0.62734375 0.034375 0.040625
4 0.603125 0.6265625 0.0390625 0.0390625
4 0.64765625 0.625 0.0390625 0.0390625
4 0.6921875 0.6265625 0.040625 0.040625
4 0.73828125 0.6265625 0.0390625 0.0390625
4 0.77890625 0.625 0.0359375 0.0390625
4 0.821875 0.6234375 0.040625 0.0390625
4 0.86796875 0.625 0.040625 0.04375
4 0.9109375 0.625 0.040625 0.04375
3 0.03984375 0.25 0.0359375 0.0265625
0 0.9578125 0.1390625 0.0359375 0.0171875
0 0.89296875 0.13828125 0.034375 0.0203125
0 0.859375 0.13671875 0.03125 0.0203125
0 0.8265625 0.13671875 0.03125 0.0203125
0 0.79296875 0.134375 0.034375 0.021875
0 0.7609375 0.1359375 0.03125 0.0171875
0 0.25 0.8109375 0.040625 0.0171875
0 0.29453125 0.80859375 0.040625 0.0140625
0 0.29453125 0.83046875 0.0390625 0.0171875
0 0.2953125 0.78984375 0.040625 0.0203125
0 0.25 0.790625 0.040625 0.0171875
0 0.2484375 0.83515625 0.04375 0.021875
0 0.865625 0.81640625 0.04375 0.021875
0 0.8640625 0.7921875 0.0453125 0.021875
0 0.8640625 0.8375 0.04375 0.0203125
0 0.9125 0.81640625 0.04375 0.021875
0 0.9109375 0.79296875 0.040625 0.025
0 0.91328125 0.8375 0.0484375 0.0203125
0 0.0734375 0.696875 0.0359375 0.0140625
0 0.11796875 0.69609375 0.0390625 0.0171875