0 0.87109375 0.14921875 0.0390625 0.0171875
0 0.7953125 0.15 0.034375 0.0171875
0 0.8328125 0.15 0.0390625 0.0171875
0 0.68359375 0.15234375 0.034375 0.0171875
0 0.72109375 0.15234375 0.034375 0.0140625
0 0.6109375 0.15390625 0.034375 0.0140625
0 0.27890625 0.15390625 0.0390625 0.0203125
0 0.46171875 0.15390625 0.034375 0.0171875
0 0.5 0.1546875 0.034375 0.0140625
0 0.57421875 0.1546875 0.034375 0.0171875
0 0.646875 0.1546875 0.034375 0.0171875
0 0.38671875 0.15625 0.0390625 0.0203125
0 0.5375 0.15625 0.0359375 0.0171875
0 0.4265625 0.1578125 0.034375 0.0171875
0 0.240625 0.1578125 0.0359375 0.0171875
0 0.165625 0.16015625 0.0328125 0.0171875
0 0.0921875 0.1609375 0.0375 0.0171875
0 0.22734375 0.584375 0.034375 0.0203125
0 0.78515625 0.584375 0.040625 0.0203125
0 0.26328125 0.58515625 0.0359375 0.021875
0 0.33671875 0.58671875 0.0390625 0.0203125
0 0.52265625 0.5875 0.034375 0.0171875
0 0.709375 0.5875 0.0390625 0.0140625
0 0.4859375 0.5875 0.034375 0.0140625
0 0.4484375 0.5875 0.0359375 0.0171875
0 0.671875 0.5875 0.034375 0.0171875
0 0.634375 0.5875 0.0359375 0.0203125
0 0.56015625 0.5890625 0.034375 0.0140625
3 0.053125 0.13671875 0.0359375 0.0171875
3 0.05390625 0.1859375 0.0390625 0.0203125
3 0.05390625 0.11640625 0.0359375 0.0171875
3 0.0515625 0.103125 0.0359375 0.0125
3 0.053125 0.0921875 0.034375 0.009375
3 0.0515625 0.0828125 0.0359375 0.009375
4 0.05078125 0.046875 0.0390625 0.0171875
3 0.1515625 0.56484375 0.0328125 0.0171875
3 0.15390625 0.60546875 0.0328125 0.0203125
3 0.15 0.54296875 0.0328125 0.0140625
3 0.15 0.5296875 0.0359375 0.0125
3 0.14921875 0.5203125 0.0359375 0.0078125
3 0.14765625 0.5109375 0.0375 0.009375
4 0.15 0.484375 0.0390625 0.0265625
4 0.1890625 0.48203125 0.034375 0.0203125
4 0.2234375 0.48203125 0.0359375 0.0203125
4 0.2609375 0.48046875 0.0359375 0.021875
4 0.78515625 0.4796875 0.0390625 0.021875
4 0.74765625 0.478125 0.0390625 0.025
4 0.334375 0.48046875 0.0390625 0.0203125
4 0.37265625 0.48046875 0.0359375 0.021875
4 0.446875 0.48203125 0.0390625 0.021875
4 0.484375 0.48203125 0.0390625 0.021875
4 0.52265625 0.48046875 0.0359375 0.021875
4 0.5609375 0.4796875 0.0390625 0.021875
4 0.5984375 0.478125 0.0390625 0.021875
4 0.6359375 0.478125 0.0390625 0.0203125
4 0.67421875 0.4796875 0.0359375 0.0203125
4 0.71015625 0.48046875 0.0359375 0.021875
1 0.47109375 0.4828125 0.6875 0.0390625
4 0.15859375 0.04453125 0.0359375 0.025
4 0.1984375 0.04296875 0.0359375 0.025
4 0.234375 0.04296875 0.0359375 0.025
4 0.271875 0.04296875 0.0390625 0.025
4 0.31015625 0.0421875 0.0390625 0.0234375
4 0.34765625 0.04453125 0.034375 0.021875
4 0.0890625 0.046875 0.034375 0.025
4 0.1234375 0.0453125 0.034375 0.025
4 0.38359375 0.04296875 0.0390625 0.021875
4 0.421875 0.0421875 0.0390625 0.0234375
4 0.459375 0.03984375 0.0359375 0.025
4 0.86875 0.0359375 0.0390625 0.0234375
4 0.83203125 0.0359375 0.034375 0.0234375
4 0.7953125 0.0359375 0.0359375 0.0234375
4 0.75703125 0.0359375 0.0390625 0.021875
4 0.7203125 0.03515625 0.0359375 0.021875
4 0.68125 0.03515625 0.0359375 0.021875
4 0.6453125 0.0359375 0.0390625 0.0171875
4 0.6078125 0.0359375 0.034375 0.0203125
4 0.57109375 0.0359375 0.034375 0.0171875
4 0.53359375 0.0359375 0.0390625 0.0203125
1 0.4515625 0.03984375 0.85625 0.0515625
4 0.49609375 0.03828125 0.0390625 0.0265625
4 0.40859375 0.48046875 0.040625 0.025
4 0.2953125 0.4796875 0.0359375 0.021875
0 0.4125 0.58671875 0.0359375 0.0125
2 0.05390625 0.13359375 0.0453125 0.1421875
2 0.1515625 0.5640625 0.0453125 0.121875