2 0.03828125 0.2234375 0.0484375 0.353125
1 0.4984375 0.6296875 0.9015625 0.0515625
1 0.5015625 0.06953125 0.9765625 0.0515625
3 0.03984375 0.328125 0.040625 0.025
3 0.03828125 0.2796875 0.0390625 0.0203125
3 0.040625 0.1984375 0.0390625 0.021875
4 0.0375 0.06953125 0.0359375 0.0359375
4 0.9625 0.06484375 0.0359375 0.0359375
4 0.8953125 0.0640625 0.034375 0.034375
4 0.92890625 0.06484375 0.03125 0.03125
4 0.86171875 0.06484375 0.034375 0.034375
4 0.828125 0.0640625 0.03125 0.034375
4 0.796875 0.06640625 0.034375 0.034375
4 0.76328125 0.06640625 0.034375 0.0359375
4 0.73046875 0.0640625 0.034375 0.034375
4 0.6984375 0.0640625 0.03125 0.03125
4 0.66484375 0.0625 0.0359375 0.034375
4 0.63125 0.0640625 0.03125 0.03125
4 0.5984375 0.0640625 0.034375 0.028125
4 0.5671875 0.0640625 0.03125 0.028125
4 0.53515625 0.06484375 0.034375 0.028125
4 0.5015625 0.06484375 0.034375 0.03125
4 0.4671875 0.06484375 0.034375 0.03125
4 0.43359375 0.06484375 0.034375 0.0359375
4 0.40234375 0.06640625 0.03125 0.03125
4 0.3703125 0.0671875 0.034375 0.034375
4 0.3375 0.0671875 0.0328125 0.0359375
4 0.30390625 0.0671875 0.034375 0.0359375
4 0.2703125 0.0671875 0.03125 0.0359375
4 0.23828125 0.0671875 0.0359375 0.034375
4 0.2046875 0.06640625 0.03125 0.0359375
4 0.171875 0.06640625 0.0359375 0.034375
4 0.13828125 0.0671875 0.03125 0.034375
4 0.10546875 0.06875 0.034375 0.034375
4 0.071875 0.06953125 0.034375 0.0359375
4 0.07109375 0.63203125 0.0359375 0.0359375
4 0.115625 0.63125 0.040625 0.034375
4 0.15859375 0.63125 0.0359375 0.034375
4 0.203125 0.63125 0.0359375 0.034375
4 0.2484375 0.6296875 0.0390625 0.0359375
4 0.2921875 0.6296875 0.0390625 0.0390625
4 0.33671875 0.6296875 0.0359375 0.0390625
4 0.3796875 0.62734375 0.0390625 0.0359375
4 0.42421875 0.62734375 0.0390625 0.040625
4 0.603125 0.6265625 0.0390625 0.034375
4 0.56015625 0.6265625 0.040625 0.034375
4 0.51328125 0.62734375 0.04375 0.0390625
4 0.4671875 0.62734375 0.0390625 0.0359375
4 0.646875 0.62734375 0.0390625 0.0390625
4 0.69140625 0.6265625 0.0390625 0.0390625
4 0.9125 0.625 0.040625 0.0359375
4 0.86640625 0.625 0.0390625 0.034375
4 0.8234375 0.625 0.04375 0.0390625
4 0.7765625 0.625 0.0390625 0.0359375
4 0.734375 0.625 0.040625 0.0359375
0 0.25 0.83203125 0.040625 0.0203125
0 0.25 0.8125 0.04375 0.0203125
0 0.24765625 0.7921875 0.040625 0.0140625
0 0.29453125 0.83203125 0.0390625 0.0171875
0 0.29296875 0.81015625 0.0390625 0.0203125
0 0.29453125 0.78984375 0.0390625 0.0203125
0 0.0734375 0.69453125 0.040625 0.021875
0 0.11796875 0.69375 0.04375 0.021875
0 0.865625 0.81640625 0.04375 0.025
0 0.8640625 0.7921875 0.0453125 0.0234375
0 0.96015625 0.140625 0.0390625 0.0171875
0 0.89453125 0.1390625 0.040625 0.0203125
0 0.8578125 0.13828125 0.03125 0.021875
0 0.8265625 0.1390625 0.03125 0.021875
0 0.7921875 0.13828125 0.0359375 0.0203125
0 0.759375 0.13828125 0.028125 0.0171875