0 0.83203125 0.14765625 0.0359375 0.0203125
0 0.87109375 0.14921875 0.0390625 0.0171875
0 0.79453125 0.15 0.0390625 0.0171875
0 0.68359375 0.1515625 0.034375 0.0203125
0 0.72109375 0.15234375 0.0359375 0.0140625
0 0.5 0.15390625 0.0390625 0.0171875
0 0.6109375 0.15390625 0.034375 0.0171875
0 0.4625 0.15390625 0.034375 0.0203125
0 0.27890625 0.15390625 0.0328125 0.0203125
0 0.57421875 0.1546875 0.034375 0.0203125
0 0.5375 0.1546875 0.034375 0.0203125
0 0.64765625 0.1546875 0.0359375 0.0203125
0 0.38828125 0.1546875 0.0328125 0.0203125
0 0.42578125 0.15625 0.0359375 0.0171875
0 0.24140625 0.15625 0.034375 0.0140625
0 0.1671875 0.15859375 0.0359375 0.0203125
0 0.2046875 0.15859375 0.034375 0.0171875
0 0.09375 0.1609375 0.034375 0.0140625
2 0.15390625 0.56015625 0.0453125 0.1234375
0 0.78359375 0.58515625 0.040625 0.0171875
0 0.26328125 0.58671875 0.0328125 0.0125
0 0.22734375 0.58671875 0.03125 0.0140625
0 0.71015625 0.58671875 0.0359375 0.0171875
0 0.3375 0.5875 0.0328125 0.0140625
0 0.6734375 0.5875 0.0359375 0.0140625
0 0.52421875 0.5875 0.034375 0.0140625
0 0.6359375 0.5875 0.034375 0.0171875
0 0.44921875 0.5875 0.03125 0.0140625
0 0.4859375 0.5890625 0.0359375 0.0140625
0 0.56015625 0.5890625 0.034375 0.0171875
3 0.15234375 0.5625 0.03125 0.0171875
3 0.15 0.5421875 0.0328125 0.0125
3 0.15 0.5296875 0.0328125 0.009375
3 0.1515625 0.5203125 0.0328125 0.0078125
3 0.15 0.51171875 0.0328125 0.0078125
4 0.14921875 0.4828125 0.0359375 0.025
3 0.15390625 0.60703125 0.0328125 0.0140625
3 0.05390625 0.134375 0.034375 0.0203125
3 0.05546875 0.18359375 0.0359375 0.021875
3 0.05390625 0.1140625 0.03125 0.0140625
3 0.053125 0.10078125 0.034375 0.0125
3 0.0515625 0.09140625 0.03125 0.009375
3 0.0515625 0.08203125 0.03125 0.009375
4 0.04921875 0.046875 0.0359375 0.021875
4 0.0875 0.046875 0.034375 0.021875
4 0.1625 0.0453125 0.0328125 0.021875
4 0.3109375 0.04296875 0.0390625 0.021875
4 0.37265625 0.48046875 0.0390625 0.0203125
4 0.59609375 0.48046875 0.034375 0.0203125
4 0.56015625 0.4796875 0.0390625 0.0203125
4 0.521875 0.478125 0.034375 0.0203125
4 0.7859375 0.47734375 0.04375 0.025
4 0.74609375 0.47578125 0.0390625 0.021875
4 0.709375 0.47734375 0.0390625 0.025
4 0.671875 0.478125 0.0359375 0.025
4 0.63359375 0.4796875 0.0390625 0.021875
4 0.446875 0.47734375 0.040625 0.025
4 0.4859375 0.478125 0.0359375 0.025
4 0.2609375 0.48203125 0.040625 0.021875
4 0.334375 0.4796875 0.0390625 0.021875
4 0.2203125 0.478125 0.0390625 0.025
4 0.18515625 0.478125 0.03125 0.021875
1 0.47265625 0.4859375 0.7046875 0.0515625
4 0.83203125 0.03828125 0.0453125 0.03125
4 0.7546875 0.0359375 0.0453125 0.0265625
4 0.79296875 0.03359375 0.034375 0.025
4 0.6828125 0.03984375 0.0390625 0.0296875
4 0.196875 0.0453125 0.0390625 0.021875
4 0.23671875 0.04453125 0.034375 0.0296875
4 0.27265625 0.04453125 0.0390625 0.025
4 0.6078125 0.0375 0.04375 0.025
4 0.6453125 0.03515625 0.0359375 0.025
4 0.34765625 0.04296875 0.0359375 0.025
4 0.56953125 0.0359375 0.034375 0.0234375
4 0.53359375 0.0359375 0.0359375 0.0234375
4 0.49375 0.03515625 0.04375 0.0265625
4 0.453125 0.03359375 0.0390625 0.0265625
4 0.38203125 0.03359375 0.0390625 0.0296875
4 0.4171875 0.03359375 0.034375 0.03125
4 0.87734375 0.03515625 0.04375 0.0265625
4 0.71640625 0.03359375 0.03125 0.0203125
4 0.1234375 0.0453125 0.0390625 0.025
1 0.4640625 0.04453125 0.8875 0.0671875
4 0.40859375 0.4796875 0.0359375 0.025
4 0.2984375 0.48046875 0.0328125 0.025
2 0.05546875 0.1359375 0.0453125 0.1328125