0 0.8328125 0.7796875 0.034375 0.0265625
0 0.7953125 0.7796875 0.034375 0.0265625
0 0.75859375 0.7828125 0.034375 0.0265625
0 0.7234375 0.78515625 0.034375 0.025
0 0.64921875 0.78515625 0.0359375 0.0265625
0 0.6875 0.7859375 0.0359375 0.021875
0 0.4640625 0.78828125 0.034375 0.0265625
0 0.50234375 0.78984375 0.034375 0.025
0 0.4265625 0.78984375 0.0359375 0.0265625
0 0.5765625 0.790625 0.034375 0.025
0 0.390625 0.7921875 0.0390625 0.028125
0 0.53828125 0.7921875 0.0390625 0.034375
0 0.3546875 0.79296875 0.034375 0.0265625
0 0.24375 0.796875 0.0359375 0.0265625
0 0.28125 0.796875 0.0359375 0.025
0 0.3171875 0.796875 0.034375 0.021875
0 0.16953125 0.7984375 0.03125 0.021875
0 0.20546875 0.7984375 0.0359375 0.028125
0 0.13203125 0.7984375 0.034375 0.025
1 0.46171875 0.11328125 0.875 0.0453125
0 0.5328125 0.26328125 0.0359375 0.0234375
0 0.49609375 0.26328125 0.034375 0.0265625
0 0.421875 0.2640625 0.034375 0.0234375
0 0.459375 0.2640625 0.034375 0.021875
0 0.3859375 0.2640625 0.03125 0.0234375
0 0.57109375 0.2640625 0.034375 0.0234375
0 0.64296875 0.265625 0.034375 0.025
0 0.7171875 0.2671875 0.034375 0.0234375
0 0.790625 0.2671875 0.0359375 0.0296875
0 0.86640625 0.2671875 0.034375 0.0234375
0 0.35078125 0.2671875 0.034375 0.021875
0 0.7546875 0.2671875 0.0390625 0.021875
0 0.68125 0.26796875 0.0359375 0.0234375
0 0.8296875 0.26796875 0.034375 0.0234375
0 0.3109375 0.26953125 0.0328125 0.021875
0 0.275 0.26953125 0.0328125 0.0203125
0 0.2390625 0.26953125 0.0359375 0.0203125
0 0.2015625 0.2703125 0.0359375 0.021875
0 0.16328125 0.27421875 0.0328125 0.0203125
0 0.08984375 0.275 0.034375 0.0203125
0 0.12734375 0.275 0.03125 0.0171875
2 0.05078125 0.303125 0.0484375 0.2546875
1 0.515625 0.65 0.8484375 0.0484375
3 0.0515625 0.3421875 0.0359375 0.0234375
3 0.0515625 0.29921875 0.03125 0.0203125
3 0.05078125 0.225 0.0359375 0.0265625
3 0.05078125 0.2671875 0.03125 0.0203125
3 0.90625 0.7328125 0.034375 0.034375
3 0.90625 0.80078125 0.03125 0.025
3 0.90625 0.83984375 0.0359375 0.025
3 0.90625 0.775 0.03125 0.0265625
0 0.13359375 0.896875 0.0359375 0.03125
4 0.1296875 0.65390625 0.03125 0.03125
4 0.1671875 0.65390625 0.0328125 0.03125
4 0.203125 0.65390625 0.034375 0.03125
4 0.24140625 0.65390625 0.034375 0.03125
4 0.38828125 0.6515625 0.03125 0.03125
4 0.35078125 0.6515625 0.034375 0.0359375
4 0.3171875 0.65 0.034375 0.0359375
4 0.2796875 0.65 0.0328125 0.0359375
4 0.42421875 0.64921875 0.034375 0.034375
4 0.46171875 0.65 0.034375 0.034375
4 0.5015625 0.65 0.034375 0.028125
4 0.53828125 0.64921875 0.028125 0.03125
4 0.57421875 0.64765625 0.03125 0.028125
4 0.609375 0.64765625 0.034375 0.03125
4 0.64921875 0.646875 0.034375 0.03125
4 0.68515625 0.6453125 0.03125 0.03125
4 0.72265625 0.6453125 0.034375 0.034375
4 0.75859375 0.6453125 0.03125 0.028125
4 0.79453125 0.646875 0.0359375 0.03125
4 0.83046875 0.646875 0.034375 0.0359375
4 0.90234375 0.64453125 0.0390625 0.034375
4 0.86328125 0.1109375 0.034375 0.0328125
4 0.8265625 0.1140625 0.0296875 0.040625
4 0.7921875 0.11328125 0.0359375 0.040625
4 0.75234375 0.1109375 0.040625 0.0359375
4 0.71484375 0.11328125 0.034375 0.0390625
4 0.67890625 0.11328125 0.03125 0.0359375
4 0.64453125 0.11171875 0.034375 0.0375
4 0.56484375 0.11328125 0.03125 0.034375
4 0.603125 0.11171875 0.03125 0.0359375
0 0.60703125 0.2671875 0.03125 0.0234375
4 0.52734375 0.11171875 0.03125 0.034375
4 0.49375 0.11171875 0.034375 0.0359375
4 0.4546875 0.11328125 0.0359375 0.0390625
4 0.41796875 0.1109375 0.034375 0.040625
4 0.38125 0.11171875 0.0359375 0.0359375
4 0.34375 0.11328125 0.03125 0.0390625
4 0.30625 0.11328125 0.0328125 0.0390625
4 0.26953125 0.11171875 0.034375 0.0359375
4 0.23203125 0.1140625 0.034375 0.0359375
4 0.1921875 0.11328125 0.0359375 0.0359375
4 0.1578125 0.11328125 0.03125 0.0359375
4 0.12109375 0.1140625 0.0359375 0.0390625
4 0.04453125 0.1109375 0.034375 0.040625
4 0.08203125 0.11171875 0.0359375 0.0375
0 0.61328125 0.91015625 0.034375 0.03125
3 0.90859375 0.896875 0.0359375 0.0296875
3 0.90859375 0.8734375 0.0390625 0.0203125
2 0.9078125 0.79921875 0.053125 0.2453125
0 0.390625 0.73046875 0.03125 0.0265625
0 0.57421875 0.7359375 0.034375 0.028125
0 0.75703125 0.73046875 0.028125 0.0265625
0 0.20546875 0.74296875 0.03125 0.0234375
4 0.865625 0.64765625 0.034375 0.0390625