0 0.8328125 0.7796875 0.034375 0.0265625
0 0.7953125 0.7796875 0.034375 0.0265625
0 0.75859375 0.7828125 0.034375 0.0265625
0 0.7234375 0.78515625 0.034375 0.025
0 0.64921875 0.7859375 0.0359375 0.0265625
0 0.6875 0.7859375 0.034375 0.021875
0 0.4640625 0.78828125 0.034375 0.0265625
0 0.50234375 0.78984375 0.034375 0.025
0 0.4265625 0.78984375 0.0359375 0.0265625
0 0.5765625 0.790625 0.034375 0.025
0 0.390625 0.7921875 0.0390625 0.028125
0 0.53828125 0.79296875 0.0359375 0.034375
0 0.3546875 0.79453125 0.034375 0.0265625
0 0.24375 0.796875 0.0359375 0.0265625
0 0.28125 0.796875 0.0359375 0.025
0 0.3171875 0.796875 0.034375 0.025
0 0.16953125 0.7984375 0.03125 0.025
0 0.20546875 0.7984375 0.0328125 0.0265625
0 0.13203125 0.79921875 0.034375 0.025
1 0.46171875 0.11171875 0.875 0.0453125
0 0.5328125 0.26328125 0.0359375 0.0234375
0 0.49765625 0.26328125 0.034375 0.0234375
0 0.421875 0.26328125 0.034375 0.021875
0 0.459375 0.26328125 0.034375 0.021875
0 0.3859375 0.2640625 0.03125 0.0234375
0 0.57109375 0.2640625 0.034375 0.0234375
0 0.64296875 0.265625 0.034375 0.025
0 0.7171875 0.2671875 0.034375 0.0234375
0 0.790625 0.2671875 0.034375 0.0296875
0 0.86640625 0.2671875 0.034375 0.0234375
0 0.35 0.2671875 0.0328125 0.021875
0 0.7546875 0.2671875 0.0359375 0.021875
0 0.68125 0.26796875 0.0359375 0.0234375
0 0.8296875 0.26796875 0.034375 0.0234375
0 0.3125 0.26796875 0.034375 0.021875
0 0.275 0.26953125 0.0328125 0.0203125
0 0.2390625 0.26953125 0.0359375 0.0203125
0 0.2015625 0.2703125 0.0359375 0.021875
0 0.16328125 0.27421875 0.0328125 0.0203125
0 0.08984375 0.275 0.034375 0.0203125
0 0.12734375 0.275 0.03125 0.0171875
2 0.04921875 0.30625 0.0484375 0.25
1 0.51953125 0.64765625 0.8203125 0.053125
3 0.04921875 0.22734375 0.0390625 0.0265625
3 0.04921875 0.2703125 0.0359375 0.0234375
3 0.04921875 0.296875 0.0390625 0.021875
3 0.05078125 0.34375 0.034375 0.0265625
3 0.9046875 0.7359375 0.0390625 0.028125
3 0.90625 0.77734375 0.034375 0.0265625
3 0.9078125 0.8015625 0.034375 0.021875
3 0.9078125 0.8421875 0.0359375 0.025
4 0.046875 0.1140625 0.0359375 0.0359375
4 0.084375 0.115625 0.0359375 0.0375
4 0.1203125 0.115625 0.034375 0.034375
4 0.1578125 0.1140625 0.0390625 0.03125
4 0.19609375 0.115625 0.0375 0.03125
4 0.23203125 0.11171875 0.034375 0.034375
4 0.26953125 0.1140625 0.0390625 0.0359375
4 0.30625 0.11328125 0.0359375 0.034375
4 0.34375 0.1140625 0.034375 0.034375
4 0.3796875 0.11328125 0.0390625 0.034375
4 0.41796875 0.1140625 0.0359375 0.0359375
4 0.4546875 0.1140625 0.0359375 0.034375
4 0.49296875 0.11328125 0.0359375 0.034375
4 0.86328125 0.11171875 0.034375 0.03125
4 0.8265625 0.11171875 0.034375 0.03125
4 0.7875 0.11171875 0.0390625 0.0359375
4 0.75 0.1109375 0.034375 0.03125
4 0.7140625 0.11171875 0.0390625 0.03125
4 0.52890625 0.11328125 0.034375 0.034375
4 0.56484375 0.11328125 0.0359375 0.0359375
4 0.6046875 0.11328125 0.0359375 0.0359375
4 0.6421875 0.11328125 0.034375 0.034375
4 0.67578125 0.11328125 0.034375 0.034375
0 0.134375 0.9 0.0390625 0.03125
4 0.12890625 0.6546875 0.034375 0.0265625
4 0.165625 0.65390625 0.0359375 0.028125
4 0.203125 0.65390625 0.034375 0.03125
4 0.240625 0.65234375 0.034375 0.03125
4 0.27734375 0.65390625 0.0359375 0.028125
4 0.31640625 0.65234375 0.034375 0.034375
4 0.35078125 0.65 0.0359375 0.03125
4 0.38828125 0.6515625 0.0359375 0.034375
4 0.5734375 0.64921875 0.034375 0.028125
4 0.5375 0.64765625 0.0359375 0.03125
4 0.5015625 0.64921875 0.0359375 0.03125
4 0.46015625 0.64765625 0.040625 0.03125
4 0.42421875 0.64765625 0.034375 0.03125
4 0.9046875 0.64296875 0.034375 0.03125
4 0.86796875 0.6453125 0.0390625 0.034375
4 0.7984375 0.6453125 0.03125 0.034375
4 0.83046875 0.6453125 0.034375 0.0359375
4 0.76171875 0.64453125 0.034375 0.034375
4 0.7234375 0.6453125 0.0390625 0.03125
4 0.68515625 0.6453125 0.0390625 0.034375
4 0.646875 0.646875 0.0359375 0.03125
4 0.6109375 0.646875 0.0359375 0.034375
0 0.61328125 0.91015625 0.0390625 0.034375
3 0.90625 0.89921875 0.0453125 0.0296875
3 0.9078125 0.8703125 0.0390625 0.025
2 0.90625 0.796875 0.0515625 0.24375
0 0.390625 0.73203125 0.0296875 0.021875
3 0.05078125 0.37109375 0.0359375 0.021875
0 0.5734375 0.73671875 0.0359375 0.0265625
0 0.759375 0.728125 0.03125 0.0265625
0 0.20703125 0.7390625 0.040625 0.03125