1 0.4484375 0.25 0.815625 0.034375
2 0.06953125 0.375 0.04375 0.18125
3 0.071875 0.446875 0.028125 0.0171875
3 0.07109375 0.39453125 0.03125 0.0140625
3 0.07109375 0.3640625 0.0296875 0.0140625
3 0.06953125 0.34609375 0.03125 0.0140625
3 0.07109375 0.3265625 0.0296875 0.0140625
3 0.07109375 0.3109375 0.0296875 0.0140625
4 0.06953125 0.25 0.034375 0.0296875
4 0.83671875 0.2484375 0.03125 0.025
4 0.8015625 0.2484375 0.0296875 0.0265625
4 0.759375 0.2484375 0.03125 0.0203125
4 0.10703125 0.25 0.025 0.0265625
4 0.1453125 0.25 0.0265625 0.0265625
4 0.1828125 0.25 0.025 0.0265625
4 0.22109375 0.25 0.0265625 0.025
4 0.259375 0.2484375 0.0296875 0.025
4 0.2984375 0.25 0.0296875 0.021875
4 0.33671875 0.25 0.0234375 0.021875
4 0.3765625 0.2484375 0.0265625 0.021875
4 0.41015625 0.2484375 0.0296875 0.021875
4 0.4515625 0.25 0.03125 0.021875
4 0.49140625 0.2484375 0.025 0.021875
4 0.52734375 0.2484375 0.025 0.021875
4 0.5671875 0.2484375 0.0265625 0.021875
4 0.64296875 0.25 0.03125 0.025
4 0.67890625 0.25 0.028125 0.025
4 0.7171875 0.25 0.028125 0.021875
4 0.60234375 0.2484375 0.034375 0.0203125