0 0.60078125 0.2640625 0.028125 0.009375
0 0.5671875 0.265625 0.0265625 0.0125
0 0.63359375 0.265625 0.0265625 0.009375
0 0.73046875 0.26796875 0.0296875 0.0125
2 0.16796875 0.3140625 0.0484375 0.209375
0 0.33671875 0.38359375 0.0265625 0.0125
0 0.2046875 0.38359375 0.0296875 0.009375
0 0.69609375 0.384375 0.028125 0.0125
0 0.43359375 0.384375 0.0296875 0.0125
0 0.4015625 0.384375 0.0265625 0.0125
0 0.2703125 0.384375 0.0265625 0.0125
0 0.36875 0.384375 0.0296875 0.0140625
0 0.53125 0.384375 0.0296875 0.009375
0 0.66328125 0.384375 0.028125 0.0125
0 0.23828125 0.3859375 0.0296875 0.0125
0 0.30390625 0.3859375 0.0296875 0.0125
0 0.4671875 0.3859375 0.0296875 0.0125
0 0.76171875 0.3859375 0.03125 0.0125
0 0.4984375 0.3859375 0.028125 0.0125
0 0.79453125 0.3859375 0.0265625 0.0125
2 0.25625 0.63359375 0.040625 0.2078125
0 0.31953125 0.7015625 0.0234375 0.009375
0 0.28828125 0.7015625 0.0234375 0.0078125
0 0.38671875 0.703125 0.03125 0.009375
3 0.171875 0.27734375 0.034375 0.0171875
3 0.1734375 0.29296875 0.0328125 0.0140625
3 0.1734375 0.31015625 0.03125 0.0171875
3 0.1734375 0.328125 0.03125 0.0140625
3 0.171875 0.35546875 0.03125 0.0171875
3 0.1703125 0.40625 0.0328125 0.0171875
3 0.25625 0.5953125 0.0328125 0.0125
3 0.25625 0.609375 0.0328125 0.0125
3 0.25625 0.62890625 0.03125 0.0171875
3 0.25625 0.646875 0.03125 0.0125
3 0.2546875 0.67421875 0.0296875 0.0140625
3 0.2546875 0.72265625 0.03125 0.0140625
4 0.1703125 0.2234375 0.0328125 0.0203125
4 0.25625 0.54453125 0.0359375 0.0140625