0 0.60078125 0.2640625 0.028125 0.009375
0 0.5671875 0.265625 0.0265625 0.0125
0 0.63359375 0.265625 0.0265625 0.009375
0 0.73046875 0.2671875 0.0296875 0.0125
2 0.16796875 0.3140625 0.0484375 0.209375
0 0.33671875 0.384375 0.0265625 0.0125
0 0.2046875 0.384375 0.0296875 0.009375
0 0.69609375 0.384375 0.028125 0.0125
0 0.43359375 0.384375 0.0296875 0.0125
0 0.4015625 0.384375 0.0265625 0.0125
0 0.2703125 0.384375 0.0234375 0.0125
0 0.36875 0.384375 0.0296875 0.0125
0 0.53125 0.3859375 0.0296875 0.009375
0 0.66328125 0.3859375 0.028125 0.0125
0 0.23828125 0.3859375 0.0296875 0.0125
0 0.30390625 0.3859375 0.0296875 0.0125
0 0.4671875 0.3859375 0.0296875 0.0125
0 0.76171875 0.3859375 0.03125 0.0125
0 0.4984375 0.3859375 0.03125 0.0125
0 0.79453125 0.3859375 0.0265625 0.0125
2 0.25625 0.634375 0.0390625 0.2078125
0 0.31953125 0.7015625 0.0234375 0.009375
0 0.28828125 0.7015625 0.0234375 0.0078125
0 0.38671875 0.703125 0.034375 0.009375
3 0.2546875 0.72109375 0.0296875 0.0171875
3 0.25625 0.67421875 0.0265625 0.0140625
3 0.2546875 0.6453125 0.0265625 0.0125
3 0.25625 0.62890625 0.0265625 0.0171875
3 0.25625 0.6109375 0.0265625 0.0125
3 0.25625 0.59375 0.0265625 0.0125
3 0.16953125 0.4046875 0.03125 0.0171875
3 0.1734375 0.35703125 0.0296875 0.0140625
3 0.1734375 0.328125 0.0296875 0.0140625
3 0.1734375 0.31015625 0.0296875 0.0140625
3 0.1734375 0.2921875 0.0296875 0.0140625
3 0.1734375 0.2765625 0.0296875 0.0125
4 0.1703125 0.22109375 0.0359375 0.0203125
4 0.2546875 0.5421875 0.03125 0.0171875