1 0.44921875 0.25 0.815625 0.034375
2 0.06875 0.36875 0.0453125 0.1921875
3 0.06953125 0.44609375 0.034375 0.0140625
3 0.07109375 0.3921875 0.03125 0.0125
3 0.07109375 0.3640625 0.03125 0.0140625
3 0.07109375 0.34609375 0.03125 0.0125
3 0.06953125 0.3265625 0.03125 0.0125
3 0.06953125 0.3125 0.03125 0.0125
4 0.0671875 0.25234375 0.0359375 0.021875
4 0.10546875 0.25234375 0.03125 0.021875
4 0.1453125 0.25234375 0.0328125 0.021875
4 0.18359375 0.25234375 0.034375 0.021875
4 0.22109375 0.25390625 0.0296875 0.0203125
4 0.25859375 0.25234375 0.0359375 0.0203125
4 0.296875 0.2515625 0.0359375 0.0203125
4 0.33671875 0.25234375 0.03125 0.021875
4 0.3765625 0.2515625 0.0390625 0.025
4 0.41484375 0.2515625 0.0359375 0.025
4 0.4515625 0.2515625 0.0359375 0.025
4 0.490625 0.25 0.034375 0.021875
4 0.5265625 0.2515625 0.034375 0.021875
4 0.5640625 0.2515625 0.0390625 0.021875
4 0.603125 0.2515625 0.0359375 0.021875
4 0.6390625 0.2515625 0.034375 0.0203125
4 0.67890625 0.2515625 0.0359375 0.021875
4 0.7171875 0.25 0.034375 0.021875
4 0.75625 0.25 0.0359375 0.021875
4 0.796875 0.2484375 0.0390625 0.021875
4 0.83671875 0.2484375 0.0359375 0.025
0 0.33515625 0.3078125 0.0296875 0.021875
0 0.37265625 0.3125 0.0296875 0.021875