0 0.36640625 0.25859375 0.065625 0.0296875
0 0.5453125 0.25859375 0.0703125 0.0265625
1 0.49765625 0.1515625 0.9375 0.1296875
4 0.08671875 0.1609375 0.084375 0.0828125
4 0.18359375 0.1625 0.0765625 0.0828125
4 0.27890625 0.1578125 0.0765625 0.0875
4 0.36875 0.15625 0.0765625 0.0828125
4 0.45546875 0.146875 0.090625 0.1015625
4 0.546875 0.146875 0.0875 0.0875
4 0.63671875 0.14765625 0.0890625 0.0828125
4 0.72734375 0.146875 0.084375 0.071875
4 0.8171875 0.14453125 0.084375 0.0765625
4 0.90859375 0.14296875 0.0875 0.084375
3 0.0953125 0.28984375 0.065625 0.0296875
3 0.09765625 0.40859375 0.065625 0.03125
3 0.0953125 0.49765625 0.065625 0.0296875
3 0.09609375 0.365625 0.0671875 0.0234375
3 0.0953125 0.3390625 0.0671875 0.0234375
3 0.0953125 0.31484375 0.0671875 0.021875
0 0.459375 0.2609375 0.075 0.03125
2 0.0953125 0.37890625 0.0890625 0.2984375