2 0.13671875 0.43046875 0.04375 0.4140625
2 0.49765625 0.43515625 0.0453125 0.3953125
0 0.19609375 0.52890625 0.025 0.021875
0 0.22265625 0.5296875 0.025 0.025
0 0.2765625 0.5296875 0.0234375 0.025
0 0.16796875 0.53125 0.021875 0.025
0 0.25 0.53125 0.0296875 0.0265625
0 0.3328125 0.53515625 0.0234375 0.025
0 0.3578125 0.5375 0.0265625 0.025
0 0.41328125 0.53828125 0.0265625 0.0265625
0 0.3859375 0.53984375 0.0265625 0.0234375
0 0.4421875 0.5421875 0.0265625 0.028125
0 0.30546875 0.55859375 0.0296875 0.0296875
3 0.13828125 0.60078125 0.0265625 0.034375
3 0.140625 0.46875 0.0265625 0.021875
3 0.140625 0.50390625 0.0265625 0.021875
3 0.1421875 0.5453125 0.0296875 0.028125
3 0.1390625 0.41796875 0.025 0.0203125
3 0.13828125 0.37890625 0.021875 0.0203125
3 0.13828125 0.35234375 0.021875 0.0171875
3 0.13828125 0.3296875 0.025 0.0171875
3 0.13828125 0.3015625 0.025 0.0140625
3 0.13828125 0.28125 0.021875 0.0140625
3 0.13828125 0.2671875 0.021875 0.0125
3 0.13828125 0.25234375 0.025 0.0125
3 0.1390625 0.240625 0.021875 0.0125
3 0.49765625 0.4828125 0.0265625 0.025
3 0.49609375 0.43125 0.0265625 0.0203125
3 0.49609375 0.39453125 0.025 0.0203125
3 0.49765625 0.36640625 0.025 0.0171875
3 0.49765625 0.34375 0.025 0.0203125
3 0.49609375 0.31640625 0.021875 0.0171875
3 0.49765625 0.2984375 0.021875 0.0140625
3 0.49609375 0.2828125 0.0203125 0.0140625
3 0.49609375 0.26796875 0.021875 0.009375
3 0.49609375 0.25625 0.021875 0.0140625
3 0.49609375 0.61171875 0.03125 0.03125
3 0.49609375 0.51953125 0.0265625 0.021875
3 0.49609375 0.5609375 0.0296875 0.028125