2 0.86796875 0.24296875 0.04375 0.325
0 0.80078125 0.25234375 0.03125 0.021875
0 0.83046875 0.25234375 0.0296875 0.0203125
0 0.7671875 0.25390625 0.028125 0.0203125
0 0.7015625 0.25390625 0.034375 0.0265625
0 0.734375 0.2546875 0.03125 0.0203125
0 0.63828125 0.2546875 0.03125 0.021875
0 0.571875 0.25625 0.028125 0.021875
0 0.6703125 0.25625 0.028125 0.025
0 0.6046875 0.25703125 0.03125 0.0203125
0 0.50703125 0.25703125 0.0296875 0.0234375
0 0.53984375 0.25703125 0.028125 0.021875
0 0.47578125 0.259375 0.0296875 0.0265625
2 0.053125 0.2671875 0.05625 0.3328125
1 0.50703125 0.0640625 0.9734375 0.071875
3 0.053125 0.40234375 0.0390625 0.034375
3 0.0515625 0.3421875 0.034375 0.0265625
3 0.05078125 0.30078125 0.03125 0.025
3 0.0515625 0.2671875 0.034375 0.0234375
3 0.0515625 0.22578125 0.03125 0.0203125
3 0.04921875 0.19453125 0.0296875 0.0203125
3 0.04921875 0.178125 0.0296875 0.0140625
3 0.0484375 0.1609375 0.03125 0.021875
3 0.0484375 0.1453125 0.03125 0.009375
3 0.0484375 0.13828125 0.0296875 0.0078125
3 0.0484375 0.1296875 0.0296875 0.009375
3 0.0484375 0.115625 0.0296875 0.021875
3 0.86640625 0.3859375 0.0390625 0.0265625
3 0.86640625 0.32578125 0.034375 0.021875
3 0.86640625 0.2828125 0.03125 0.0203125
3 0.86796875 0.2515625 0.03125 0.025
3 0.86640625 0.209375 0.0296875 0.0203125
3 0.86640625 0.17890625 0.0296875 0.0140625
3 0.86796875 0.1609375 0.0296875 0.0125
3 0.86796875 0.14453125 0.03125 0.0203125
3 0.86875 0.12734375 0.0296875 0.0125
3 0.86796875 0.11796875 0.0296875 0.0078125
3 0.86796875 0.11171875 0.0296875 0.0078125
4 0.04296875 0.06875 0.0359375 0.0453125
4 0.0765625 0.06875 0.03125 0.0453125
4 0.1109375 0.06953125 0.0328125 0.0515625
4 0.14453125 0.07109375 0.034375 0.0484375
4 0.1765625 0.06953125 0.0328125 0.0484375
4 0.209375 0.06875 0.0328125 0.0484375
4 0.24296875 0.06953125 0.034375 0.0484375
4 0.2765625 0.06875 0.03125 0.0515625
4 0.3078125 0.06953125 0.034375 0.0484375
4 0.33984375 0.06953125 0.034375 0.0484375
4 0.3734375 0.06875 0.0328125 0.0484375
4 0.4078125 0.0671875 0.0328125 0.0515625
4 0.9703125 0.0578125 0.0390625 0.0515625
4 0.93359375 0.05625 0.034375 0.0515625
4 0.9015625 0.0578125 0.03125 0.0453125
4 0.86796875 0.053125 0.0359375 0.0390625
4 0.834375 0.0578125 0.03125 0.0484375
4 0.8015625 0.05859375 0.0359375 0.0453125
4 0.76796875 0.0609375 0.034375 0.0453125
4 0.7359375 0.0625 0.028125 0.0453125
4 0.703125 0.06015625 0.0359375 0.0484375
4 0.66953125 0.0640625 0.03125 0.0484375
4 0.63671875 0.0625 0.034375 0.0515625
4 0.6046875 0.0640625 0.034375 0.0515625
4 0.57109375 0.0625 0.034375 0.0484375
4 0.5375 0.0640625 0.034375 0.0484375
4 0.50390625 0.0640625 0.034375 0.0515625
4 0.47265625 0.06640625 0.03125 0.0453125
4 0.43984375 0.06640625 0.034375 0.0515625