2 0.1734375 0.49296875 0.075 0.5671875
1 0.4625 0.0921875 0.6546875 0.1078125
3 0.17421875 0.725 0.0625 0.0625
3 0.17421875 0.65 0.0578125 0.0578125
3 0.1734375 0.59609375 0.0625 0.0390625
3 0.1734375 0.5484375 0.0625 0.0390625
3 0.17578125 0.4890625 0.05625 0.04375
3 0.17578125 0.44609375 0.0515625 0.0359375
3 0.17421875 0.4109375 0.053125 0.0296875
3 0.17578125 0.38203125 0.0609375 0.021875
3 0.17578125 0.35 0.0515625 0.0234375
3 0.17578125 0.32578125 0.053125 0.0203125
3 0.1765625 0.30625 0.0484375 0.0171875
3 0.17578125 0.28515625 0.0515625 0.0171875
3 0.17578125 0.26796875 0.053125 0.0203125
4 0.17421875 0.08984375 0.053125 0.065625
4 0.23671875 0.0875 0.0578125 0.065625
4 0.3015625 0.08984375 0.0578125 0.0578125
4 0.3640625 0.0890625 0.0578125 0.0703125
4 0.42421875 0.08984375 0.053125 0.065625
4 0.4859375 0.09140625 0.0578125 0.0625
4 0.546875 0.09375 0.0578125 0.065625
0 0.36171875 0.4015625 0.0515625 0.0359375
4 0.603125 0.0890625 0.0515625 0.071875
4 0.66953125 0.08984375 0.053125 0.0609375
4 0.73671875 0.0890625 0.059375 0.0625
0 0.240625 0.72578125 0.053125 0.0828125
0 0.36171875 0.74609375 0.071875 0.0828125