1 0.50703125 0.13359375 0.7328125 0.1078125
2 0.1828125 0.57109375 0.084375 0.5921875
0 0.39921875 0.578125 0.0578125 0.04375
0 0.39921875 0.634375 0.0578125 0.0390625
3 0.18046875 0.828125 0.06875 0.053125
3 0.18046875 0.75703125 0.0640625 0.04375
3 0.1828125 0.70078125 0.0609375 0.040625
3 0.18515625 0.6515625 0.0625 0.0453125
3 0.18515625 0.5875 0.0578125 0.034375
3 0.1859375 0.5359375 0.0578125 0.028125
3 0.1859375 0.5 0.0609375 0.0296875
3 0.18515625 0.46875 0.0625 0.034375
3 0.1859375 0.43125 0.0609375 0.0296875
3 0.1875 0.40390625 0.05625 0.0234375
3 0.1859375 0.38203125 0.05625 0.021875
3 0.1875 0.359375 0.05625 0.021875
3 0.1875 0.3375 0.05625 0.0265625
4 0.1875 0.13359375 0.0671875 0.0875
4 0.259375 0.13203125 0.0703125 0.0875
4 0.33046875 0.1296875 0.0640625 0.0765625
4 0.4015625 0.134375 0.0703125 0.0828125
4 0.4734375 0.134375 0.065625 0.075
4 0.54453125 0.140625 0.065625 0.0625
4 0.61640625 0.140625 0.0671875 0.0703125
4 0.6875 0.140625 0.0671875 0.071875
4 0.75859375 0.140625 0.0671875 0.0671875
4 0.83203125 0.13828125 0.0625 0.0625
0 0.3953125 0.83515625 0.0671875 0.0625
0 0.5265625 0.83671875 0.053125 0.0625
0 0.2515625 0.8265625 0.053125 0.05625
0 0.40234375 0.30390625 0.0625 0.0234375