1 0.50859375 0.1390625 0.7390625 0.1703125
2 0.1828125 0.5765625 0.0765625 0.5921875
0 0.39921875 0.578125 0.0578125 0.04375
0 0.39921875 0.634375 0.0546875 0.040625
3 0.18046875 0.8296875 0.0640625 0.053125
3 0.18046875 0.75703125 0.0640625 0.0515625
3 0.18125 0.70078125 0.065625 0.040625
3 0.1828125 0.65 0.0609375 0.053125
3 0.18359375 0.584375 0.0578125 0.040625
3 0.18515625 0.5375 0.0609375 0.0390625
3 0.1859375 0.4984375 0.0578125 0.025
3 0.1859375 0.4703125 0.0578125 0.034375
3 0.18515625 0.43125 0.0578125 0.0296875
3 0.1859375 0.40234375 0.0578125 0.021875
3 0.1859375 0.38359375 0.053125 0.0234375
3 0.1875 0.359375 0.0578125 0.0265625
3 0.1875 0.3375 0.05625 0.0296875
4 0.18515625 0.13203125 0.0625 0.0890625
4 0.25859375 0.1296875 0.0703125 0.08125
4 0.3296875 0.12890625 0.0671875 0.084375
4 0.40234375 0.1296875 0.0671875 0.08125
4 0.475 0.13359375 0.0703125 0.08125
4 0.5453125 0.13359375 0.0671875 0.0796875
4 0.615625 0.140625 0.065625 0.084375
4 0.6859375 0.1390625 0.065625 0.075
4 0.75859375 0.1421875 0.065625 0.075
4 0.828125 0.1421875 0.0671875 0.075
0 0.39453125 0.83203125 0.0609375 0.0578125
0 0.52734375 0.84140625 0.05625 0.0671875
0 0.2546875 0.8265625 0.0609375 0.075
0 0.40234375 0.303125 0.05625 0.0234375