2 0.17421875 0.49375 0.0796875 0.565625
1 0.4640625 0.0921875 0.6515625 0.1078125
3 0.17578125 0.26953125 0.0515625 0.0171875
3 0.17578125 0.2859375 0.0515625 0.0171875
3 0.17578125 0.30390625 0.053125 0.0203125
3 0.17578125 0.32421875 0.053125 0.0203125
3 0.17578125 0.3484375 0.053125 0.0234375
3 0.17578125 0.38125 0.05625 0.0296875
3 0.17578125 0.4078125 0.05625 0.0265625
3 0.17578125 0.44140625 0.053125 0.03125
3 0.17578125 0.4859375 0.0578125 0.0359375
3 0.1765625 0.54921875 0.0609375 0.04375
3 0.17421875 0.5921875 0.0578125 0.0390625
3 0.17578125 0.646875 0.0578125 0.04375
3 0.17578125 0.71875 0.0609375 0.0578125
4 0.171875 0.09140625 0.0625 0.071875
4 0.23671875 0.09140625 0.0609375 0.0703125
4 0.30078125 0.09375 0.0578125 0.0671875
4 0.36328125 0.0890625 0.0609375 0.0703125
4 0.42578125 0.0921875 0.0609375 0.0625
4 0.48671875 0.09375 0.05625 0.0578125
4 0.5484375 0.09609375 0.059375 0.0625
4 0.6078125 0.0984375 0.0578125 0.0625
4 0.66796875 0.0953125 0.0625 0.0609375
4 0.7390625 0.0953125 0.0703125 0.0703125
0 0.3640625 0.4015625 0.053125 0.0265625
0 0.24296875 0.7203125 0.05625 0.071875
0 0.3578125 0.7453125 0.0578125 0.065625