1 0.4578125 0.05078125 0.7234375 0.1015625
2 0.1453125 0.525 0.084375 0.6953125
3 0.14453125 0.82578125 0.0671875 0.053125
3 0.1421875 0.7390625 0.0671875 0.0453125
3 0.14453125 0.6765625 0.0671875 0.040625
3 0.14296875 0.6203125 0.0703125 0.0546875
3 0.14296875 0.54453125 0.0671875 0.04375
3 0.14296875 0.48671875 0.065625 0.0359375
3 0.14453125 0.44453125 0.0625 0.0265625
3 0.14296875 0.4046875 0.0671875 0.040625
3 0.14296875 0.365625 0.065625 0.0234375
3 0.1453125 0.33515625 0.0609375 0.0234375
3 0.146875 0.31015625 0.0609375 0.021875
3 0.1453125 0.28515625 0.0625 0.0203125
3 0.14453125 0.25859375 0.065625 0.0296875
4 0.14296875 0.0484375 0.0625 0.0609375
4 0.2078125 0.046875 0.0609375 0.0625
4 0.2828125 0.0484375 0.0625 0.053125
4 0.353125 0.04296875 0.0546875 0.0484375
4 0.42421875 0.04453125 0.0578125 0.0578125
4 0.49375 0.04453125 0.065625 0.065625
4 0.5640625 0.0453125 0.0578125 0.05625
4 0.6359375 0.0453125 0.059375 0.053125
4 0.7046875 0.04296875 0.059375 0.053125
4 0.775 0.0453125 0.0625 0.053125