1 0.459375 0.05078125 0.7265625 0.1015625
2 0.14296875 0.52265625 0.0796875 0.6875
3 0.1421875 0.8234375 0.0671875 0.0546875
3 0.14296875 0.74296875 0.0625 0.040625
3 0.1453125 0.6765625 0.0625 0.040625
3 0.1453125 0.62265625 0.065625 0.04375
3 0.14296875 0.546875 0.065625 0.040625
3 0.14453125 0.4859375 0.0671875 0.0453125
3 0.14453125 0.44453125 0.0625 0.03125
3 0.14453125 0.4046875 0.065625 0.0484375
3 0.1453125 0.3640625 0.065625 0.0296875
3 0.1453125 0.3328125 0.0625 0.0234375
3 0.14453125 0.30859375 0.065625 0.025
3 0.14453125 0.28515625 0.065625 0.021875
3 0.1453125 0.25859375 0.0609375 0.034375
4 0.1421875 0.046875 0.071875 0.075
4 0.21484375 0.04453125 0.0625 0.065625
4 0.28515625 0.04453125 0.0609375 0.0625
4 0.35546875 0.04453125 0.0515625 0.053125
4 0.42421875 0.04453125 0.05625 0.0515625
4 0.4953125 0.0453125 0.0671875 0.0671875
4 0.5625 0.04296875 0.0578125 0.05625
4 0.634375 0.04296875 0.0625 0.0515625
4 0.7046875 0.04453125 0.059375 0.053125
4 0.775 0.046875 0.0578125 0.0515625