1 0.44453125 0.15 0.5828125 0.1078125
2 0.2046875 0.47265625 0.0890625 0.4984375
3 0.20546875 0.671875 0.071875 0.0609375
3 0.20546875 0.6 0.071875 0.0484375
3 0.20546875 0.546875 0.071875 0.04375
3 0.20703125 0.5046875 0.0671875 0.040625
3 0.2046875 0.44921875 0.0703125 0.0390625
3 0.203125 0.4046875 0.0671875 0.034375
3 0.20546875 0.3734375 0.0703125 0.0265625
3 0.20546875 0.34609375 0.0703125 0.0328125
3 0.203125 0.31640625 0.0609375 0.025
3 0.203125 0.2953125 0.0609375 0.0203125
3 0.2015625 0.27890625 0.0625 0.0203125
3 0.2015625 0.25625 0.0609375 0.0296875
4 0.1984375 0.1625 0.0765625 0.0796875
4 0.28359375 0.15625 0.0765625 0.075
4 0.36796875 0.1546875 0.075 0.065625
4 0.45078125 0.15 0.071875 0.0671875
4 0.53125 0.14296875 0.0703125 0.071875
4 0.6140625 0.1421875 0.0703125 0.0703125
4 0.696875 0.140625 0.0703125 0.0703125
0 0.2875 0.234375 0.0671875 0.0265625
0 0.3703125 0.228125 0.0703125 0.0296875
0 0.453125 0.2296875 0.0703125 0.0296875
0 0.5359375 0.22734375 0.065625 0.0265625