2 0.05078125 0.25703125 0.0453125 0.3328125
1 0.38203125 0.05390625 0.7265625 0.0515625
3 0.0515625 0.40234375 0.0359375 0.0296875
3 0.05078125 0.365625 0.03125 0.0234375
3 0.0515625 0.3375 0.0296875 0.0203125
3 0.0515625 0.31484375 0.03125 0.0234375
3 0.0515625 0.27890625 0.03125 0.0203125
3 0.0515625 0.2515625 0.03125 0.0171875
3 0.0515625 0.2296875 0.0296875 0.0203125
3 0.0515625 0.2125 0.03125 0.0171875
3 0.0515625 0.1890625 0.0296875 0.0140625
3 0.0515625 0.1703125 0.03125 0.0125
3 0.0515625 0.1578125 0.0296875 0.0125
3 0.0515625 0.14453125 0.0296875 0.0125
3 0.05078125 0.13203125 0.0296875 0.0171875
4 0.0484375 0.053125 0.0359375 0.0390625
4 0.0796875 0.05390625 0.03125 0.0390625
4 0.1078125 0.05390625 0.028125 0.034375
4 0.13671875 0.05546875 0.03125 0.0390625
4 0.1671875 0.05390625 0.03125 0.040625
4 0.19609375 0.05546875 0.0296875 0.0359375
4 0.225 0.05390625 0.0296875 0.0390625
4 0.25390625 0.05390625 0.03125 0.0390625
4 0.28359375 0.05390625 0.0265625 0.0359375
4 0.3125 0.05390625 0.0296875 0.0359375
4 0.34140625 0.05390625 0.0296875 0.0359375
4 0.37109375 0.05390625 0.0296875 0.040625
4 0.4 0.05546875 0.0265625 0.0390625
4 0.72109375 0.05390625 0.03125 0.0390625
4 0.69140625 0.053125 0.0296875 0.0359375
4 0.6625 0.053125 0.028125 0.0359375
4 0.63359375 0.053125 0.028125 0.0359375
4 0.6046875 0.05390625 0.028125 0.0359375
4 0.57578125 0.05390625 0.03125 0.0359375
4 0.5453125 0.05390625 0.028125 0.0359375
4 0.515625 0.05390625 0.0296875 0.0390625
4 0.48671875 0.05390625 0.028125 0.0359375
4 0.45703125 0.053125 0.0296875 0.0359375
4 0.428125 0.053125 0.0296875 0.0390625