1 0.453125 0.14921875 0.596875 0.10625
2 0.20078125 0.46875 0.0828125 0.503125
3 0.20546875 0.6703125 0.0703125 0.065625
3 0.20546875 0.6 0.0671875 0.0515625
3 0.20703125 0.54921875 0.065625 0.0390625
3 0.20546875 0.5046875 0.0671875 0.040625
3 0.2046875 0.44609375 0.065625 0.0296875
3 0.2046875 0.40390625 0.0625 0.0296875
3 0.2046875 0.3734375 0.065625 0.021875
3 0.2046875 0.3453125 0.0671875 0.0328125
3 0.203125 0.31640625 0.0625 0.021875
3 0.2015625 0.2953125 0.0625 0.0171875
3 0.203125 0.27890625 0.065625 0.0171875
3 0.20078125 0.25390625 0.065625 0.03125
4 0.19609375 0.1609375 0.071875 0.0671875
4 0.28359375 0.15859375 0.075 0.065625
4 0.36875 0.15390625 0.071875 0.0703125
4 0.4546875 0.14765625 0.071875 0.065625
4 0.53125 0.14453125 0.0671875 0.0671875
4 0.61328125 0.13828125 0.0671875 0.0609375
4 0.70078125 0.13671875 0.059375 0.053125
0 0.28515625 0.23046875 0.065625 0.021875
0 0.3703125 0.22578125 0.065625 0.0203125
0 0.44921875 0.22578125 0.0625 0.021875
0 0.53359375 0.22265625 0.0625 0.0171875