2 0.0515625 0.25625 0.04375 0.3328125
1 0.4546875 0.0578125 0.86875 0.0578125
3 0.0515625 0.4 0.0359375 0.0296875
3 0.05078125 0.365625 0.03125 0.0265625
3 0.0515625 0.33671875 0.03125 0.0203125
3 0.0515625 0.3140625 0.03125 0.021875
3 0.0515625 0.27734375 0.03125 0.0203125
3 0.0515625 0.25 0.03125 0.0203125
3 0.0515625 0.228125 0.03125 0.0203125
3 0.0515625 0.21015625 0.03125 0.0171875
3 0.0515625 0.1875 0.0265625 0.0171875
3 0.0515625 0.1703125 0.0265625 0.0140625
3 0.0515625 0.15625 0.0265625 0.0140625
3 0.0515625 0.14296875 0.0296875 0.0125
3 0.0515625 0.13125 0.0296875 0.0125
4 0.0484375 0.05546875 0.0359375 0.0390625
4 0.0796875 0.05390625 0.028125 0.0390625
4 0.10703125 0.05390625 0.0265625 0.0390625
4 0.1359375 0.05546875 0.0296875 0.040625
4 0.1671875 0.05546875 0.03125 0.04375
4 0.19609375 0.05546875 0.0296875 0.040625
4 0.225 0.05390625 0.0296875 0.040625
4 0.25390625 0.053125 0.0296875 0.040625
4 0.2828125 0.053125 0.0296875 0.0390625
4 0.3109375 0.05390625 0.0296875 0.040625
4 0.34140625 0.05390625 0.0296875 0.0390625
4 0.36875 0.05390625 0.0265625 0.0453125
4 0.39765625 0.05546875 0.0296875 0.04375
4 0.42890625 0.053125 0.0296875 0.0390625
4 0.45703125 0.05390625 0.0296875 0.040625
4 0.6625 0.05390625 0.03125 0.040625
4 0.69140625 0.05390625 0.0296875 0.040625
4 0.7203125 0.053125 0.03125 0.04375
4 0.63203125 0.053125 0.028125 0.04375
4 0.6046875 0.053125 0.028125 0.040625
4 0.57578125 0.05390625 0.028125 0.04375
4 0.5453125 0.053125 0.028125 0.0453125
4 0.515625 0.05390625 0.0296875 0.04375
4 0.48671875 0.05390625 0.028125 0.0453125
4 0.75390625 0.05390625 0.034375 0.04375
4 0.7859375 0.05546875 0.034375 0.04375
4 0.8140625 0.05546875 0.025 0.040625
4 0.84140625 0.05390625 0.0296875 0.0453125
4 0.8703125 0.05546875 0.0296875 0.0453125