1 0.55859375 0.1734375 0.7453125 0.1078125
2 0.2328125 0.44453125 0.09375 0.4359375
3 0.2328125 0.6234375 0.0765625 0.05625
3 0.23203125 0.55859375 0.075 0.04375
3 0.23203125 0.51171875 0.0765625 0.0359375
3 0.23203125 0.47265625 0.071875 0.04375
3 0.2296875 0.421875 0.0703125 0.0265625
3 0.228125 0.38203125 0.0703125 0.021875
3 0.2296875 0.35546875 0.0625 0.0203125
3 0.228125 0.3328125 0.0703125 0.0265625
3 0.2296875 0.30625 0.065625 0.0171875
3 0.228125 0.28984375 0.0671875 0.0140625
3 0.228125 0.275 0.065625 0.0140625
3 0.22734375 0.25625 0.0640625 0.0265625
4 0.22578125 0.1859375 0.0703125 0.065625
4 0.30859375 0.17421875 0.0625 0.0609375
4 0.38828125 0.178125 0.0671875 0.0609375
4 0.47109375 0.16796875 0.059375 0.053125
4 0.5515625 0.1734375 0.071875 0.053125
4 0.63359375 0.1703125 0.065625 0.0484375
4 0.71171875 0.171875 0.0625 0.0515625
4 0.796875 0.165625 0.0625 0.05625
4 0.88125 0.165625 0.0703125 0.0578125