0 0.31875 0.42421875 0.0640625 0.034375
0 0.38828125 0.42578125 0.0546875 0.0359375
0 0.5140625 0.52734375 0.0625 0.0359375
0 0.31875 0.52734375 0.0703125 0.040625
2 0.18984375 0.56484375 0.0875 0.6703125
1 0.48671875 0.0734375 0.68125 0.125
4 0.18984375 0.06875 0.0609375 0.0703125
4 0.25703125 0.0671875 0.065625 0.0671875
4 0.3234375 0.06875 0.0625 0.0625
4 0.3890625 0.07109375 0.0609375 0.0625
4 0.453125 0.07109375 0.0625 0.065625
4 0.51796875 0.06953125 0.0625 0.0625
4 0.584375 0.06953125 0.059375 0.0625
4 0.64921875 0.0671875 0.0625 0.0625
4 0.7140625 0.06484375 0.0625 0.065625
4 0.7796875 0.0671875 0.0671875 0.0703125
3 0.1875 0.859375 0.065625 0.0453125
3 0.19140625 0.26171875 0.0515625 0.0171875
3 0.19140625 0.2765625 0.0515625 0.0140625
3 0.18984375 0.296875 0.0515625 0.0203125
3 0.18984375 0.3171875 0.0484375 0.021875
3 0.18984375 0.3453125 0.0484375 0.021875
3 0.19140625 0.39296875 0.0515625 0.03125
3 0.19140625 0.42421875 0.0515625 0.0203125
3 0.18984375 0.4703125 0.0515625 0.025
3 0.19375 0.53359375 0.053125 0.028125
3 0.1921875 0.6234375 0.05625 0.0359375
3 0.1921875 0.68046875 0.0515625 0.03125
3 0.1890625 0.7515625 0.05625 0.04375