1 0.459375 0.13359375 0.6859375 0.1078125
0 0.30546875 0.4890625 0.053125 0.0296875
0 0.36875 0.490625 0.0546875 0.0265625
2 0.1671875 0.6265625 0.084375 0.665625
4 0.16484375 0.13203125 0.06875 0.075
4 0.23828125 0.13203125 0.065625 0.0640625
4 0.30546875 0.13203125 0.0609375 0.0671875
4 0.37265625 0.1359375 0.0609375 0.065625
4 0.4359375 0.13203125 0.0609375 0.0671875
4 0.5015625 0.13671875 0.065625 0.065625
4 0.5671875 0.13359375 0.0625 0.06875
4 0.63203125 0.13828125 0.0625 0.0796875
4 0.696875 0.134375 0.0625 0.0703125
4 0.76328125 0.13359375 0.0625 0.071875
3 0.16328125 0.9265625 0.0578125 0.0390625
3 0.165625 0.8171875 0.05625 0.040625
3 0.165625 0.74375 0.0515625 0.03125
3 0.1671875 0.6859375 0.053125 0.0359375
3 0.16796875 0.59765625 0.0515625 0.034375
3 0.16953125 0.5359375 0.053125 0.028125
3 0.16953125 0.490625 0.0515625 0.0265625
3 0.16953125 0.4578125 0.053125 0.025
3 0.16796875 0.41015625 0.05625 0.0265625
3 0.1703125 0.38359375 0.053125 0.0203125
3 0.171875 0.3609375 0.053125 0.021875
3 0.1703125 0.33984375 0.0515625 0.0171875
3 0.171875 0.3234375 0.0515625 0.0203125