0 0.334375 0.3921875 0.0515625 0.0265625
0 0.39921875 0.39296875 0.053125 0.0265625
1 0.4890625 0.04296875 0.696875 0.0859375
2 0.1921875 0.5328125 0.0890625 0.6734375
4 0.196875 0.03828125 0.0703125 0.0703125
4 0.26796875 0.03828125 0.0671875 0.065625
4 0.3328125 0.0375 0.0625 0.0625
4 0.39765625 0.0375 0.065625 0.065625
4 0.4625 0.03828125 0.0609375 0.065625
4 0.52734375 0.03515625 0.065625 0.0625
4 0.59375 0.0375 0.0625 0.0671875
4 0.6578125 0.0359375 0.0625 0.0578125
4 0.725 0.03515625 0.0625 0.0625
4 0.7921875 0.03359375 0.0625 0.0625
3 0.19609375 0.8265625 0.075 0.04375
3 0.1984375 0.72265625 0.0671875 0.034375
3 0.196875 0.646875 0.0578125 0.0390625
3 0.19921875 0.5890625 0.0609375 0.0390625
3 0.2015625 0.49609375 0.0578125 0.0359375
3 0.19921875 0.35546875 0.0625 0.0265625
3 0.196875 0.38828125 0.05625 0.0296875
3 0.19921875 0.43515625 0.05625 0.0296875
3 0.1984375 0.31484375 0.0609375 0.0296875
3 0.1984375 0.28359375 0.0515625 0.0234375
3 0.1984375 0.26171875 0.05625 0.025
3 0.196875 0.240625 0.053125 0.0171875
3 0.1984375 0.225 0.05625 0.021875
0 0.3328125 0.49375 0.053125 0.0296875
0 0.5265625 0.49375 0.0484375 0.0265625