1 0.51640625 0.1171875 0.9671875 0.084375
2 0.0765625 0.37109375 0.05625 0.4203125
3 0.078125 0.55546875 0.0453125 0.034375
3 0.0796875 0.50859375 0.04375 0.034375
3 0.078125 0.47265625 0.0453125 0.0296875
3 0.078125 0.4375 0.04375 0.0390625
3 0.0765625 0.39296875 0.0390625 0.0296875
3 0.07578125 0.35703125 0.040625 0.0296875
3 0.07578125 0.328125 0.0390625 0.025
3 0.07578125 0.303125 0.040625 0.0296875
3 0.07578125 0.27734375 0.04375 0.021875
3 0.07578125 0.25859375 0.0390625 0.0171875
3 0.07421875 0.240625 0.0390625 0.0203125
3 0.07421875 0.22734375 0.0390625 0.0125
3 0.0734375 0.21171875 0.0359375 0.021875
4 0.07109375 0.12265625 0.040625 0.0453125
4 0.109375 0.125 0.0390625 0.0453125
4 0.15 0.12265625 0.040625 0.0484375
4 0.18984375 0.1234375 0.040625 0.0484375
4 0.23046875 0.125 0.040625 0.0484375
4 0.26953125 0.12109375 0.0390625 0.0453125
4 0.30859375 0.12265625 0.04375 0.0515625
4 0.3484375 0.12109375 0.0390625 0.0484375
4 0.38671875 0.12109375 0.040625 0.0484375
4 0.42578125 0.12265625 0.0390625 0.0484375
4 0.46640625 0.12109375 0.040625 0.0515625
4 0.5046875 0.11875 0.0390625 0.0453125
4 0.54453125 0.12109375 0.0390625 0.0515625
4 0.5828125 0.11875 0.0390625 0.0453125
4 0.62265625 0.1203125 0.0390625 0.0515625
4 0.66015625 0.11875 0.0390625 0.0515625
4 0.70078125 0.11796875 0.040625 0.053125
4 0.97734375 0.11328125 0.04375 0.05625
4 0.9375 0.11171875 0.0390625 0.05625
4 0.89765625 0.11328125 0.04375 0.0515625
4 0.85703125 0.1140625 0.040625 0.053125
4 0.81875 0.11796875 0.0359375 0.053125
4 0.78125 0.11796875 0.04375 0.053125
4 0.740625 0.11796875 0.0390625 0.05625