0 0.171875 0.25625 0.0265625 0.0265625
0 0.2078125 0.2609375 0.0328125 0.034375
0 0.5984375 0.2609375 0.0265625 0.0234375
0 0.30390625 0.26328125 0.0296875 0.0234375
0 0.24140625 0.2640625 0.03125 0.0296875
0 0.33671875 0.2640625 0.03125 0.0234375
0 0.49765625 0.265625 0.040625 0.0359375
2 0.07578125 0.30078125 0.0515625 0.396875
0 0.17421875 0.30859375 0.0296875 0.0265625
0 0.20703125 0.3140625 0.034375 0.0296875
0 0.240625 0.3140625 0.03125 0.0296875
0 0.33671875 0.31484375 0.0265625 0.0296875
0 0.59609375 0.31640625 0.03125 0.025
0 0.30546875 0.32109375 0.034375 0.0296875
0 0.5 0.321875 0.04375 0.0328125
1 0.33671875 0.06640625 0.571875 0.0609375
3 0.07578125 0.4703125 0.034375 0.0265625
4 0.10546875 0.0640625 0.034375 0.0453125
4 0.1390625 0.06640625 0.03125 0.0390625
4 0.1734375 0.0671875 0.03125 0.0390625
4 0.20546875 0.06640625 0.03125 0.0390625
4 0.23828125 0.06640625 0.03125 0.040625
4 0.5984375 0.06875 0.028125 0.0375
4 0.56640625 0.06875 0.0296875 0.0375
4 0.5328125 0.06875 0.03125 0.0375
4 0.5 0.06875 0.0296875 0.0375
4 0.46640625 0.06875 0.03125 0.0359375
4 0.43515625 0.06875 0.03125 0.034375
4 0.4015625 0.06875 0.0296875 0.0375
4 0.36796875 0.0671875 0.0296875 0.0359375
4 0.33671875 0.06875 0.0296875 0.0375
4 0.30390625 0.06875 0.0296875 0.0375
4 0.2703125 0.0671875 0.0296875 0.040625
3 0.0734375 0.38828125 0.03125 0.021875
3 0.07578125 0.3328125 0.034375 0.0234375
3 0.0765625 0.2953125 0.03125 0.0203125
3 0.078125 0.24140625 0.025 0.0171875
3 0.07578125 0.20703125 0.0265625 0.0140625
3 0.07578125 0.1859375 0.028125 0.0140625
3 0.0765625 0.165625 0.0265625 0.021875
3 0.07578125 0.1453125 0.0265625 0.0125
3 0.0765625 0.134375 0.025 0.009375