1 0.51640625 0.1171875 0.9671875 0.084375
2 0.07421875 0.36640625 0.0609375 0.4359375
3 0.0765625 0.55390625 0.0484375 0.0390625
3 0.0765625 0.50703125 0.0453125 0.0390625
3 0.0765625 0.46875 0.0453125 0.0296875
3 0.0765625 0.4359375 0.04375 0.034375
3 0.07578125 0.38828125 0.0390625 0.0265625
3 0.07421875 0.35546875 0.040625 0.025
3 0.07578125 0.328125 0.040625 0.025
3 0.07421875 0.30546875 0.040625 0.0234375
3 0.07421875 0.27890625 0.0359375 0.021875
3 0.07421875 0.259375 0.0359375 0.0203125
3 0.0734375 0.2390625 0.034375 0.0203125
3 0.0734375 0.225 0.0359375 0.0125
3 0.071875 0.2078125 0.034375 0.021875
4 0.06953125 0.12109375 0.04375 0.0484375
4 0.1109375 0.12109375 0.0359375 0.0515625
4 0.15 0.1203125 0.040625 0.0515625
4 0.18984375 0.12109375 0.0390625 0.0515625
4 0.228125 0.12109375 0.0390625 0.0515625
4 0.2671875 0.12265625 0.0390625 0.0453125
4 0.30625 0.125 0.040625 0.053125
4 0.34609375 0.1203125 0.0390625 0.0484375
4 0.38671875 0.12109375 0.040625 0.0484375
4 0.42578125 0.1203125 0.0390625 0.0484375
4 0.4640625 0.1203125 0.040625 0.0515625
4 0.978125 0.1109375 0.0390625 0.0578125
4 0.9375 0.11171875 0.04375 0.05625
4 0.89765625 0.109375 0.0390625 0.053125
4 0.8578125 0.11171875 0.040625 0.053125
4 0.81953125 0.1140625 0.0390625 0.053125
4 0.7796875 0.11171875 0.0390625 0.0578125
4 0.7390625 0.11640625 0.0390625 0.0515625
4 0.70078125 0.1140625 0.04375 0.0609375
4 0.6609375 0.115625 0.0390625 0.0515625
4 0.62109375 0.11875 0.0390625 0.040625
4 0.5828125 0.11875 0.0359375 0.0453125
4 0.54453125 0.11796875 0.0390625 0.05625
4 0.5046875 0.11875 0.0390625 0.0484375