1 0.55625 0.1734375 0.75 0.1078125
2 0.2296875 0.44609375 0.096875 0.4328125
3 0.23046875 0.6234375 0.0828125 0.0578125
3 0.2296875 0.5609375 0.075 0.04375
3 0.2296875 0.51328125 0.075 0.0359375
3 0.2296875 0.47265625 0.075 0.040625
3 0.228125 0.42578125 0.0703125 0.0359375
3 0.228125 0.384375 0.0703125 0.0328125
3 0.2296875 0.3578125 0.0671875 0.021875
3 0.2296875 0.3328125 0.0671875 0.0265625
3 0.228125 0.30625 0.0671875 0.021875
3 0.228125 0.2875 0.0671875 0.0140625
3 0.22734375 0.27421875 0.0671875 0.0140625
3 0.22578125 0.2515625 0.065625 0.0140625
3 0.228125 0.2640625 0.0671875 0.009375
4 0.22734375 0.17421875 0.0703125 0.071875
4 0.31015625 0.17421875 0.0640625 0.0703125
4 0.390625 0.17578125 0.0703125 0.075
4 0.47734375 0.1734375 0.0609375 0.0671875
4 0.55390625 0.1703125 0.065625 0.065625
4 0.63359375 0.16796875 0.0703125 0.0625
4 0.71484375 0.16953125 0.065625 0.065625
4 0.7984375 0.1671875 0.0671875 0.0609375
4 0.88359375 0.16484375 0.071875 0.0671875
0 0.3125 0.24375 0.0609375 0.0203125
0 0.39453125 0.24296875 0.0625 0.0203125