1 0.5671875 0.30546875 0.78125 0.103125
2 0.22734375 0.61875 0.0796875 0.4140625
4 0.2234375 0.30859375 0.0671875 0.0671875
4 0.30078125 0.31015625 0.0703125 0.0671875
4 0.37890625 0.30546875 0.071875 0.0703125
4 0.4546875 0.3078125 0.065625 0.0671875
4 0.52734375 0.30859375 0.071875 0.0703125
4 0.60546875 0.30625 0.0671875 0.0703125
4 0.68125 0.30546875 0.0671875 0.0671875
4 0.75703125 0.303125 0.071875 0.075
4 0.834375 0.3015625 0.071875 0.0671875
4 0.9109375 0.303125 0.071875 0.0671875
3 0.22578125 0.4625 0.065625 0.040625
3 0.22734375 0.58671875 0.0609375 0.028125
3 0.228125 0.665625 0.065625 0.0359375
3 0.2296875 0.78828125 0.0578125 0.0390625
3 0.2296875 0.7171875 0.0625 0.0265625
3 0.22578125 0.54296875 0.0625 0.0515625