2 0.0640625 0.4671875 0.0625 0.5890625
3 0.0640625 0.72734375 0.0515625 0.0546875
3 0.0625 0.65390625 0.0484375 0.0359375
3 0.0640625 0.60078125 0.040625 0.034375
3 0.0640625 0.55625 0.04375 0.028125
3 0.0640625 0.484375 0.0359375 0.0296875
3 0.0625 0.43359375 0.0390625 0.0265625
3 0.0625 0.3921875 0.0390625 0.0203125
3 0.0625 0.3640625 0.040625 0.0234375
3 0.0625 0.3171875 0.0390625 0.0171875
3 0.0625 0.2875 0.0390625 0.0171875
3 0.0609375 0.2640625 0.0390625 0.0171875
3 0.0609375 0.23828125 0.0390625 0.0140625
3 0.0609375 0.22109375 0.0390625 0.0171875