0 0.38828125 0.41484375 0.053125 0.0359375
0 0.3265625 0.4171875 0.0546875 0.0359375
1 0.48828125 0.0578125 0.68125 0.115625
4 0.18984375 0.05625 0.071875 0.0796875
4 0.259375 0.06015625 0.0609375 0.071875
4 0.32578125 0.05859375 0.0625 0.0671875
4 0.3921875 0.05859375 0.0625 0.0703125
4 0.4578125 0.05625 0.0609375 0.0703125
4 0.521875 0.0578125 0.059375 0.0671875
4 0.58515625 0.0578125 0.0671875 0.0703125
4 0.6515625 0.0578125 0.065625 0.071875
4 0.7171875 0.05859375 0.0625 0.075
4 0.78125 0.05859375 0.065625 0.0703125
3 0.1875 0.85078125 0.0578125 0.040625
3 0.1890625 0.74296875 0.0578125 0.04375
3 0.1890625 0.66953125 0.05625 0.0390625
3 0.18984375 0.6109375 0.0609375 0.0390625
3 0.19140625 0.521875 0.0609375 0.034375
3 0.1890625 0.46015625 0.0578125 0.03125
3 0.19140625 0.41484375 0.05625 0.0265625
3 0.1921875 0.3796875 0.0609375 0.03125
3 0.1921875 0.3375 0.05625 0.0265625
3 0.1921875 0.30859375 0.0515625 0.021875
3 0.1921875 0.2875 0.0515625 0.021875
3 0.1921875 0.2671875 0.0578125 0.0171875
3 0.19375 0.2484375 0.053125 0.021875
0 0.32578125 0.5171875 0.053125 0.021875
0 0.3234375 0.60078125 0.0546875 0.0234375
0 0.51796875 0.51953125 0.053125 0.0265625
2 0.18984375 0.546875 0.0765625 0.678125