0 0.36171875 0.20703125 0.0703125 0.0453125
0 0.7078125 0.209375 0.0703125 0.0515625
0 0.27265625 0.21015625 0.071875 0.0453125
0 0.44921875 0.21015625 0.071875 0.04375
0 0.5328125 0.21171875 0.071875 0.0515625
0 0.1890625 0.2125 0.0671875 0.034375
0 0.62109375 0.2140625 0.0703125 0.0390625
0 0.7953125 0.2140625 0.075 0.0515625
1 0.49765625 0.078125 0.909375 0.1140625
4 0.1 0.0734375 0.090625 0.0828125
4 0.18984375 0.0765625 0.084375 0.090625
4 0.27734375 0.0796875 0.0828125 0.090625
4 0.365625 0.071875 0.0875 0.084375
4 0.4515625 0.078125 0.084375 0.0875
4 0.53828125 0.0765625 0.084375 0.084375
4 0.62734375 0.0796875 0.0828125 0.0875
4 0.7140625 0.0828125 0.0859375 0.075
4 0.79921875 0.08046875 0.0828125 0.0828125
4 0.88828125 0.0828125 0.0890625 0.0765625
3 0.08984375 0.78828125 0.0796875 0.0578125
3 0.09140625 0.6734375 0.0796875 0.0484375
3 0.08984375 0.5890625 0.075 0.034375
3 0.0921875 0.52890625 0.0703125 0.0453125
3 0.0953125 0.43984375 0.0671875 0.0359375
3 0.09609375 0.38203125 0.071875 0.03125
3 0.09609375 0.33984375 0.0703125 0.0265625
3 0.0953125 0.30859375 0.075 0.0359375
3 0.09609375 0.26796875 0.065625 0.021875
3 0.09609375 0.2453125 0.0625 0.021875
3 0.09609375 0.228125 0.065625 0.021875
3 0.09765625 0.20546875 0.0625 0.03125
2 0.09140625 0.50390625 0.096875 0.68125