2 0.0625 0.28828125 0.0484375 0.315625
1 0.48046875 0.59375 0.7171875 0.0578125
1 0.49765625 0.06640625 0.9375 0.05625
2 0.1515625 0.79921875 0.05625 0.3078125
3 0.15 0.92890625 0.0390625 0.034375
3 0.15 0.8890625 0.0359375 0.0296875
3 0.15234375 0.85703125 0.0390625 0.025
3 0.15234375 0.8265625 0.0359375 0.0296875
3 0.15625 0.79296875 0.034375 0.025
3 0.1578125 0.765625 0.03125 0.021875
3 0.15859375 0.74609375 0.0296875 0.0171875
3 0.15859375 0.72734375 0.0328125 0.0203125
3 0.15859375 0.709375 0.0328125 0.0171875
3 0.1578125 0.69375 0.03125 0.0125
3 0.1578125 0.68046875 0.03125 0.0125
3 0.1578125 0.6703125 0.0296875 0.0078125
3 0.1578125 0.66015625 0.03125 0.0125
4 0.19140625 0.5921875 0.0390625 0.034375
4 0.259375 0.59375 0.0328125 0.0359375
4 0.29296875 0.5921875 0.0296875 0.0390625
4 0.3296875 0.59140625 0.03125 0.034375
4 0.36328125 0.59140625 0.0296875 0.0390625
4 0.39765625 0.5921875 0.03125 0.034375
4 0.43046875 0.58984375 0.03125 0.040625
4 0.46484375 0.59140625 0.034375 0.04375
4 0.5375 0.59375 0.028125 0.0390625
4 0.56953125 0.58984375 0.034375 0.0390625
4 0.60546875 0.58984375 0.03125 0.040625
4 0.63828125 0.59140625 0.03125 0.0390625
4 0.6703125 0.58984375 0.034375 0.034375
4 0.70546875 0.58984375 0.03125 0.034375
4 0.740625 0.5921875 0.0359375 0.0359375
4 0.775 0.5921875 0.034375 0.0359375
4 0.81015625 0.59140625 0.0390625 0.0390625
4 0.22578125 0.59140625 0.034375 0.034375
4 0.09375 0.06484375 0.03125 0.0359375
4 0.125 0.06640625 0.03125 0.0359375
4 0.15625 0.06484375 0.0296875 0.0359375
4 0.1875 0.06484375 0.03125 0.0359375
4 0.21875 0.06484375 0.0296875 0.0375
4 0.2484375 0.06484375 0.03125 0.0359375
4 0.28125 0.06484375 0.0296875 0.034375
4 0.3109375 0.06484375 0.0296875 0.0359375
4 0.3421875 0.06484375 0.0296875 0.0359375
4 0.3734375 0.0640625 0.0296875 0.034375
4 0.4046875 0.06484375 0.0296875 0.0359375
4 0.4359375 0.0640625 0.0296875 0.0375
4 0.46640625 0.0640625 0.0296875 0.0375
4 0.4984375 0.06484375 0.028125 0.0375
4 0.52890625 0.06484375 0.0265625 0.0359375
4 0.56015625 0.06484375 0.028125 0.0359375
4 0.58984375 0.06484375 0.0296875 0.0375
4 0.62265625 0.06484375 0.028125 0.0359375
4 0.65234375 0.0640625 0.0296875 0.0375
4 0.68359375 0.0640625 0.0296875 0.0375
4 0.7140625 0.0625 0.028125 0.0359375
4 0.74609375 0.0625 0.0296875 0.0390625
4 0.77890625 0.0625 0.03125 0.0390625
4 0.81015625 0.0625 0.03125 0.040625
4 0.83984375 0.0640625 0.0296875 0.0375
4 0.87109375 0.0625 0.03125 0.0359375
4 0.9015625 0.0609375 0.0265625 0.0390625
4 0.93359375 0.0609375 0.03125 0.0359375
3 0.0640625 0.4109375 0.034375 0.0265625
4 0.5015625 0.59375 0.0390625 0.03125
3 0.0640625 0.375 0.03125 0.0171875
3 0.06484375 0.31875 0.03125 0.0203125
3 0.06640625 0.21484375 0.03125 0.0140625
3 0.06640625 0.23046875 0.03125 0.0125
3 0.06640625 0.2515625 0.034375 0.0140625
3 0.06640625 0.27890625 0.034375 0.0171875
3 0.06640625 0.19453125 0.03125 0.0125
3 0.0671875 0.17890625 0.0265625 0.009375
3 0.06640625 0.16796875 0.0296875 0.0125
3 0.06640625 0.1578125 0.0296875 0.0078125
3 0.06640625 0.14765625 0.03125 0.0125
4 0.14921875 0.59140625 0.040625 0.0390625
4 0.05546875 0.06640625 0.040625 0.040625