0 0.38828125 0.415625 0.053125 0.0359375
0 0.3265625 0.4171875 0.0546875 0.0359375
1 0.48828125 0.0578125 0.68125 0.115625
4 0.18984375 0.05390625 0.0703125 0.0796875
4 0.259375 0.05390625 0.0625 0.0765625
4 0.32578125 0.05625 0.0640625 0.071875
4 0.3921875 0.0578125 0.0578125 0.0671875
4 0.45703125 0.05546875 0.0625 0.0671875
4 0.521875 0.05859375 0.059375 0.0625
4 0.58671875 0.05859375 0.059375 0.0625
4 0.6515625 0.0578125 0.0625 0.0703125
4 0.7171875 0.0578125 0.059375 0.0703125
4 0.78515625 0.05390625 0.071875 0.0765625
3 0.1890625 0.8546875 0.0625 0.04375
3 0.1890625 0.74375 0.0578125 0.0359375
3 0.18984375 0.66953125 0.053125 0.034375
3 0.18984375 0.61171875 0.05625 0.0359375
3 0.19140625 0.52421875 0.053125 0.028125
3 0.19140625 0.46015625 0.053125 0.0265625
3 0.19140625 0.41484375 0.053125 0.025
3 0.1921875 0.3796875 0.05625 0.03125
3 0.1921875 0.33515625 0.053125 0.021875
3 0.1921875 0.3078125 0.0515625 0.0203125
3 0.1921875 0.2875 0.0515625 0.0203125
3 0.1921875 0.2671875 0.0515625 0.0203125
3 0.19375 0.25 0.0515625 0.0171875
0 0.32421875 0.5171875 0.053125 0.0265625
0 0.5171875 0.5171875 0.05625 0.028125
0 0.32421875 0.59765625 0.05625 0.025
0 0.3890625 0.51796875 0.0515625 0.025
2 0.19140625 0.5359375 0.0765625 0.7046875