1 0.478125 0.0625 0.6234375 0.0890625
4 0.20546875 0.05859375 0.0578125 0.0703125
4 0.26953125 0.06015625 0.0578125 0.0703125
4 0.33203125 0.0609375 0.0515625 0.065625
4 0.390625 0.0625 0.0484375 0.065625
4 0.4546875 0.06015625 0.053125 0.0671875
4 0.51171875 0.0578125 0.05625 0.0609375
4 0.7546875 0.05859375 0.059375 0.0625
4 0.69375 0.0578125 0.0578125 0.065625
4 0.63359375 0.05859375 0.0546875 0.065625
4 0.571875 0.05859375 0.05625 0.0609375
3 0.21171875 0.71875 0.0578125 0.0453125
3 0.21015625 0.62734375 0.0609375 0.04375
3 0.21171875 0.5578125 0.05625 0.040625
3 0.21171875 0.50625 0.053125 0.040625
3 0.21015625 0.4265625 0.053125 0.04375
3 0.21015625 0.375 0.053125 0.0359375
3 0.21015625 0.34375 0.0515625 0.0265625
3 0.21015625 0.3125 0.053125 0.034375
3 0.209375 0.28515625 0.0515625 0.0203125
3 0.21015625 0.265625 0.05625 0.0203125
3 0.21015625 0.24609375 0.0484375 0.0171875
3 0.21015625 0.21484375 0.0515625 0.0296875
3 0.21015625 0.2328125 0.0515625 0.009375
1 0.21171875 0.4578125 0.071875 0.5890625