1 0.5203125 0.115625 0.959375 0.0875
2 0.078125 0.3734375 0.0625 0.4390625
3 0.0796875 0.55625 0.0453125 0.04375
3 0.078125 0.509375 0.0484375 0.040625
3 0.07578125 0.4703125 0.04375 0.03125
3 0.0765625 0.4390625 0.04375 0.034375
3 0.07578125 0.39296875 0.0390625 0.0296875
3 0.07421875 0.35546875 0.040625 0.0265625
3 0.07578125 0.33046875 0.0390625 0.0234375
3 0.07578125 0.303125 0.0390625 0.0296875
3 0.07421875 0.27734375 0.0390625 0.021875
3 0.07421875 0.25859375 0.0359375 0.0171875
3 0.0734375 0.240625 0.0390625 0.021875
3 0.07421875 0.2234375 0.0359375 0.0140625
3 0.0734375 0.21015625 0.0390625 0.0171875
4 0.06953125 0.12109375 0.04375 0.0484375
4 0.11171875 0.1203125 0.040625 0.0546875
4 0.1515625 0.12109375 0.0375 0.053125
4 0.1890625 0.12265625 0.0390625 0.05625
4 0.2296875 0.12265625 0.0390625 0.0515625
4 0.26953125 0.12109375 0.0390625 0.0484375
4 0.30859375 0.1234375 0.0390625 0.0515625
4 0.34765625 0.1203125 0.040625 0.0515625
4 0.38671875 0.12265625 0.040625 0.053125
4 0.42578125 0.12109375 0.0390625 0.05625
4 0.46484375 0.12109375 0.040625 0.053125
4 0.5046875 0.12109375 0.0390625 0.053125
4 0.54453125 0.12265625 0.040625 0.0578125
4 0.584375 0.12265625 0.0390625 0.053125
4 0.62265625 0.11875 0.0390625 0.0484375
4 0.6609375 0.11875 0.0390625 0.0578125
4 0.70078125 0.11875 0.040625 0.053125
4 0.740625 0.11796875 0.040625 0.05625
4 0.9796875 0.11171875 0.040625 0.0578125
4 0.9390625 0.11171875 0.040625 0.0578125
4 0.89921875 0.1140625 0.040625 0.0578125
4 0.859375 0.11640625 0.040625 0.0546875
4 0.81953125 0.11640625 0.0390625 0.0546875
4 0.7796875 0.1140625 0.0390625 0.065625