1 0.61328125 0.2140625 0.5921875 0.075
0 0.43125 0.5828125 0.0390625 0.034375
0 0.3890625 0.584375 0.0390625 0.028125
2 0.34609375 0.6109375 0.0640625 0.584375
0 0.56640625 0.71484375 0.040625 0.0265625
0 0.6546875 0.7921875 0.0484375 0.0390625
3 0.34609375 0.86875 0.0515625 0.04375
3 0.34609375 0.8234375 0.0453125 0.040625
3 0.34375 0.74609375 0.0390625 0.03125
3 0.34765625 0.69375 0.0390625 0.03125
3 0.3453125 0.64296875 0.040625 0.028125
3 0.3453125 0.5734375 0.0359375 0.0265625
3 0.34375 0.5265625 0.0359375 0.0234375
3 0.34375 0.4625 0.0359375 0.025
3 0.34375 0.421875 0.0359375 0.0171875
3 0.3421875 0.39765625 0.0359375 0.0203125
3 0.3421875 0.3796875 0.0359375 0.0171875
3 0.3421875 0.3640625 0.0359375 0.0125
3 0.3421875 0.35 0.0390625 0.0140625
4 0.34140625 0.21640625 0.04375 0.0484375
4 0.3859375 0.21484375 0.04375 0.0453125
4 0.43046875 0.21484375 0.04375 0.0484375
4 0.475 0.21484375 0.04375 0.0453125
4 0.51953125 0.21640625 0.04375 0.0515625
4 0.5640625 0.21640625 0.04375 0.0484375
4 0.6109375 0.21484375 0.040625 0.04375
4 0.65625 0.2125 0.04375 0.0484375
4 0.70078125 0.2125 0.0390625 0.0484375
4 0.74296875 0.21171875 0.04375 0.053125
4 0.78984375 0.2140625 0.04375 0.0515625
4 0.83515625 0.21015625 0.040625 0.053125
4 0.87890625 0.21015625 0.04375 0.053125
0 0.69375 0.8734375 0.0484375 0.0453125
0 0.521875 0.86796875 0.0484375 0.04375