2 0.04296875 0.31015625 0.0859375 0.5484375
0 0.353125 0.3578125 0.053125 0.040625
0 0.40390625 0.3609375 0.0515625 0.0390625
0 0.25 0.3640625 0.0703125 0.040625
3 0.03984375 0.29453125 0.0546875 0.0265625
3 0.03828125 0.38125 0.05625 0.03125
3 0.03984375 0.4578125 0.0578125 0.040625
3 0.0375 0.33203125 0.053125 0.034375
3 0.03515625 0.23828125 0.0515625 0.0265625
3 0.0359375 0.20078125 0.0453125 0.025
3 0.03359375 0.17421875 0.0515625 0.021875
3 0.03359375 0.14921875 0.053125 0.0265625
3 0.0328125 0.125 0.0484375 0.0203125
3 0.0296875 0.1109375 0.0484375 0.009375
3 0.0328125 0.0984375 0.0484375 0.0140625
3 0.03125 0.078125 0.0484375 0.0265625