1 0.44453125 0.09140625 0.3640625 0.0703125
3 0.28515625 0.2125 0.034375 0.0265625
3 0.28515625 0.1546875 0.034375 0.0203125
3 0.2859375 0.171875 0.0296875 0.0140625
4 0.28359375 0.08203125 0.03125 0.04375
4 0.31953125 0.08203125 0.0265625 0.040625
4 0.3546875 0.0828125 0.0296875 0.04375
4 0.3890625 0.08515625 0.0296875 0.040625
4 0.42421875 0.08671875 0.025 0.040625
4 0.4578125 0.0875 0.0296875 0.040625
4 0.49296875 0.0890625 0.0265625 0.040625
4 0.52734375 0.0921875 0.025 0.0375
4 0.5609375 0.0921875 0.028125 0.0484375
4 0.59765625 0.0953125 0.04375 0.0515625
3 0.28515625 0.26171875 0.034375 0.0296875
3 0.35546875 0.25390625 0.03125 0.03125
3 0.38828125 0.2546875 0.03125 0.034375
3 0.45703125 0.26328125 0.03125 0.03125
3 0.49140625 0.26328125 0.03125 0.0296875
2 0.28515625 0.1984375 0.0390625 0.1703125