2 0.2859375 0.20703125 0.0390625 0.15
1 0.44921875 0.09375 0.3703125 0.075
4 0.28359375 0.08203125 0.0296875 0.0390625
4 0.31875 0.0828125 0.0296875 0.034375
4 0.3546875 0.084375 0.0296875 0.034375
4 0.390625 0.08515625 0.0296875 0.0390625
4 0.42421875 0.08671875 0.0296875 0.0390625
4 0.4578125 0.0890625 0.0265625 0.0359375
4 0.52734375 0.0984375 0.0296875 0.0484375
4 0.49296875 0.08984375 0.03125 0.04375
3 0.2859375 0.15625 0.03125 0.0203125
3 0.28515625 0.21171875 0.03125 0.0203125
3 0.2859375 0.26171875 0.0296875 0.0296875
4 0.56015625 0.09609375 0.03125 0.0453125
4 0.59609375 0.09609375 0.0359375 0.0515625