1 0.50859375 0.05546875 0.85625 0.1109375
0 0.3015625 0.58203125 0.0609375 0.034375
0 0.46171875 0.5828125 0.053125 0.0390625
0 0.38125 0.584375 0.0578125 0.04375
0 0.2203125 0.58515625 0.0625 0.0390625
2 0.13203125 0.5953125 0.0921875 0.7640625
0 0.45703125 0.6578125 0.0671875 0.0390625
0 0.21875 0.65859375 0.065625 0.040625
0 0.3796875 0.66015625 0.0609375 0.0359375
0 0.30078125 0.66015625 0.0609375 0.0359375
3 0.1296875 0.93515625 0.0671875 0.0515625
3 0.13203125 0.83515625 0.0671875 0.040625
3 0.13359375 0.75625 0.065625 0.0359375
3 0.1359375 0.696875 0.0671875 0.04375
3 0.13671875 0.6078125 0.0609375 0.034375
3 0.13671875 0.54453125 0.0609375 0.0390625
3 0.1390625 0.49140625 0.065625 0.034375
3 0.13671875 0.4546875 0.0703125 0.040625
3 0.1390625 0.40234375 0.0625 0.0296875
3 0.1390625 0.36640625 0.0671875 0.0296875
3 0.1390625 0.33984375 0.0671875 0.0296875
3 0.1390625 0.3109375 0.0671875 0.0265625
3 0.140625 0.28515625 0.0703125 0.03125
4 0.1359375 0.0375 0.084375 0.075
4 0.2234375 0.03828125 0.084375 0.0765625
4 0.30078125 0.040625 0.0765625 0.08125
4 0.37890625 0.040625 0.0765625 0.08125
4 0.4609375 0.04296875 0.0875 0.0859375
4 0.54453125 0.04453125 0.0828125 0.0890625
4 0.62265625 0.04296875 0.0765625 0.0859375
4 0.70078125 0.04296875 0.0828125 0.0859375
4 0.78515625 0.046875 0.0828125 0.0921875
4 0.87109375 0.0453125 0.0890625 0.090625
0 0.615625 0.65859375 0.0484375 0.028125
0 0.53359375 0.6578125 0.0578125 0.0359375
0 0.61796875 0.58515625 0.0484375 0.028125
0 0.20546875 0.95546875 0.0625 0.0703125
0 0.290625 0.95703125 0.0671875 0.0625
0 0.36640625 0.9640625 0.0625 0.0625
0 0.4484375 0.95546875 0.0609375 0.0796875
0 0.52890625 0.9546875 0.0703125 0.0828125
0 0.61328125 0.95703125 0.0671875 0.0703125
0 0.6234375 0.24609375 0.0578125 0.034375
0 0.54453125 0.2453125 0.059375 0.034375
0 0.3859375 0.24609375 0.065625 0.034375
0 0.22265625 0.2453125 0.065625 0.034375