1 0.54921875 0.103125 0.6515625 0.1203125
2 0.28359375 0.5515625 0.103125 0.6859375
4 0.2859375 0.10234375 0.0921875 0.0890625
4 0.37734375 0.10234375 0.084375 0.0890625
4 0.46171875 0.103125 0.0875 0.0890625
4 0.546875 0.10234375 0.0890625 0.0921875
4 0.6359375 0.103125 0.0890625 0.090625
4 0.72265625 0.103125 0.0890625 0.090625
4 0.8125 0.103125 0.09375 0.09375
3 0.2859375 0.85234375 0.0890625 0.0671875
3 0.28515625 0.75625 0.0875 0.075
3 0.28515625 0.6875 0.084375 0.05625
3 0.2828125 0.62265625 0.0890625 0.059375
3 0.2859375 0.5421875 0.0828125 0.0578125
3 0.28359375 0.47734375 0.084375 0.0578125
3 0.28515625 0.43125 0.0828125 0.040625
3 0.2859375 0.3921875 0.084375 0.0453125
3 0.2859375 0.35078125 0.0765625 0.034375
3 0.2859375 0.31875 0.075 0.0265625
3 0.2859375 0.29296875 0.075 0.025
3 0.2859375 0.2609375 0.0765625 0.0171875
3 0.2875 0.275 0.071875 0.0140625