2 0.1078125 0.39921875 0.0796875 0.6390625
0 0.36171875 0.46171875 0.0625 0.053125
0 0.296875 0.46484375 0.0609375 0.0703125
0 0.6671875 0.4671875 0.059375 0.0578125
0 0.60546875 0.46875 0.0625 0.0609375
0 0.73046875 0.46875 0.0625 0.0578125
0 0.234375 0.4703125 0.0609375 0.0703125
0 0.1703125 0.47109375 0.0609375 0.075
0 0.79453125 0.47265625 0.0625 0.05625
0 0.54453125 0.475 0.0578125 0.05625
0 0.3609375 0.51953125 0.0625 0.05625
3 0.1046875 0.6859375 0.0625 0.053125
3 0.10546875 0.571875 0.065625 0.059375
3 0.1078125 0.4421875 0.065625 0.0484375
3 0.10703125 0.49609375 0.0609375 0.053125
3 0.1078125 0.359375 0.0625 0.040625
3 0.10703125 0.3015625 0.0578125 0.0390625
3 0.1078125 0.23203125 0.0625 0.03125
3 0.1078125 0.26328125 0.0609375 0.0328125
3 0.1078125 0.1984375 0.0578125 0.0359375
3 0.1078125 0.171875 0.0578125 0.0203125
3 0.1109375 0.15390625 0.0578125 0.0171875
3 0.1109375 0.1234375 0.05625 0.0453125