2 0.2828125 0.48046875 0.1015625 0.846875
1 0.546875 0.1046875 0.6375 0.1078125
4 0.2828125 0.1 0.0828125 0.0828125
4 0.37265625 0.10234375 0.0828125 0.0828125
4 0.46015625 0.103125 0.0828125 0.0875
4 0.5484375 0.10234375 0.0765625 0.09375
4 0.63671875 0.1046875 0.075 0.0921875
4 0.7234375 0.10703125 0.075 0.096875
4 0.8109375 0.0984375 0.0796875 0.084375
3 0.2828125 0.85234375 0.0765625 0.0625
3 0.28125 0.759375 0.0796875 0.0578125
3 0.28359375 0.6859375 0.075 0.04375
3 0.2859375 0.62890625 0.0765625 0.0609375
3 0.2859375 0.5421875 0.071875 0.0484375
3 0.2859375 0.48203125 0.0671875 0.0515625
3 0.2859375 0.43515625 0.0703125 0.0359375
3 0.28828125 0.39296875 0.071875 0.04375
3 0.2875 0.35234375 0.0671875 0.034375
3 0.2875 0.321875 0.0671875 0.0234375
3 0.28828125 0.296875 0.065625 0.0265625
3 0.28828125 0.2765625 0.065625 0.0171875
3 0.28984375 0.2515625 0.0671875 0.0359375