1 0.43046875 0.084375 0.5296875 0.0703125
3 0.209375 0.42421875 0.053125 0.0296875
3 0.21015625 0.3546875 0.053125 0.0234375
3 0.21171875 0.31015625 0.0515625 0.021875
3 0.21171875 0.2765625 0.053125 0.0203125
3 0.21015625 0.2328125 0.0515625 0.0171875
3 0.209375 0.20546875 0.0484375 0.0171875
3 0.21015625 0.1734375 0.053125 0.0203125
3 0.21015625 0.1875 0.053125 0.0125
3 0.21015625 0.1296875 0.0515625 0.0171875
3 0.21015625 0.15 0.053125 0.025
4 0.21171875 0.0890625 0.0578125 0.04375
4 0.40390625 0.09140625 0.0578125 0.0453125
4 0.4703125 0.08984375 0.0578125 0.0453125
4 0.53359375 0.084375 0.05625 0.0375
4 0.59609375 0.0890625 0.0578125 0.0484375
4 0.6625 0.0890625 0.05625 0.0484375
4 0.34140625 0.08984375 0.0625 0.0484375
4 0.27265625 0.08984375 0.0609375 0.0484375
2 0.21015625 0.2828125 0.0671875 0.3296875
0 0.34140625 0.12890625 0.0484375 0.0140625
0 0.46875 0.12890625 0.0453125 0.0140625
0 0.53515625 0.12890625 0.0453125 0.0140625
0 0.66328125 0.1296875 0.0484375 0.0140625
0 0.59609375 0.12734375 0.040625 0.0140625
0 0.2765625 0.12734375 0.0453125 0.0140625