1 0.490625 0.421875 0.9109375 0.09375
2 0.07109375 0.68359375 0.0609375 0.3125
4 0.071875 0.42578125 0.0453125 0.0609375
4 0.1140625 0.42421875 0.040625 0.0578125
4 0.15859375 0.421875 0.04375 0.05625
4 0.203125 0.421875 0.04375 0.0578125
4 0.24765625 0.4234375 0.04375 0.0515625
4 0.290625 0.4265625 0.04375 0.0515625
4 0.33515625 0.4234375 0.0453125 0.053125
4 0.3796875 0.42421875 0.04375 0.05625
4 0.42421875 0.4234375 0.0453125 0.053125
4 0.46875 0.42421875 0.040625 0.05625
4 0.51171875 0.4234375 0.04375 0.053125
4 0.55546875 0.42421875 0.04375 0.0578125
4 0.6 0.4265625 0.04375 0.0578125
4 0.64453125 0.421875 0.04375 0.0515625
4 0.6875 0.421875 0.04375 0.05625
4 0.73203125 0.421875 0.04375 0.0578125
4 0.7765625 0.4203125 0.0453125 0.0578125
4 0.81953125 0.4203125 0.0390625 0.05625
4 0.86171875 0.4234375 0.04375 0.0546875
4 0.90859375 0.4203125 0.0484375 0.0578125
3 0.07109375 0.8078125 0.040625 0.0390625
3 0.07421875 0.6515625 0.0390625 0.028125
3 0.071875 0.70703125 0.0390625 0.0296875
3 0.07421875 0.68046875 0.0359375 0.0234375
3 0.0734375 0.6203125 0.0390625 0.0234375
3 0.0734375 0.59765625 0.0359375 0.0203125
3 0.071875 0.578125 0.0390625 0.0203125
3 0.0734375 0.5609375 0.0359375 0.0125
3 0.0734375 0.5453125 0.0359375 0.0125
3 0.071875 0.7546875 0.040625 0.034375