2 0.04296875 0.31015625 0.0859375 0.5484375
0 0.35234375 0.359375 0.053125 0.0390625
0 0.40390625 0.3609375 0.0515625 0.0390625
0 0.25 0.3640625 0.0703125 0.040625
3 0.0375 0.459375 0.05625 0.040625
3 0.03828125 0.38671875 0.053125 0.0390625
3 0.03828125 0.334375 0.05625 0.0296875
3 0.0375 0.29453125 0.053125 0.0328125
3 0.0359375 0.240625 0.0484375 0.025
3 0.0359375 0.2015625 0.04375 0.021875
3 0.03359375 0.17421875 0.0453125 0.021875
3 0.03359375 0.1515625 0.0453125 0.025
3 0.0328125 0.125 0.04375 0.0203125
3 0.0328125 0.1109375 0.0484375 0.0140625
3 0.0328125 0.0984375 0.0453125 0.0140625
3 0.0328125 0.0734375 0.0453125 0.0171875
3 0.0328125 0.08671875 0.0453125 0.009375