1 0.60234375 0.12265625 0.6859375 0.1109375
0 0.69453125 0.39765625 0.053125 0.04375
0 0.384375 0.40390625 0.0578125 0.03125
2 0.31875 0.44453125 0.0703125 0.534375
0 0.69609375 0.459375 0.0546875 0.0359375
0 0.3859375 0.47109375 0.05625 0.034375
3 0.32578125 0.6734375 0.0609375 0.0484375
3 0.32421875 0.58671875 0.0578125 0.04375
3 0.3234375 0.525 0.0546875 0.0359375
3 0.3234375 0.47578125 0.0546875 0.040625
3 0.321875 0.41015625 0.0515625 0.034375
3 0.32109375 0.36796875 0.0515625 0.0265625
3 0.32109375 0.33984375 0.0484375 0.021875
3 0.3234375 0.3125 0.0546875 0.03125
3 0.32109375 0.28828125 0.0484375 0.0171875
3 0.32109375 0.27265625 0.0515625 0.0140625
3 0.31953125 0.259375 0.0515625 0.0140625
3 0.32109375 0.240625 0.0515625 0.0265625
4 0.3171875 0.11875 0.0625 0.075
4 0.38203125 0.1203125 0.0609375 0.0765625
4 0.44609375 0.12109375 0.0578125 0.0703125
4 0.50859375 0.1203125 0.0625 0.0703125
4 0.56953125 0.11796875 0.059375 0.0671875
4 0.63125 0.11640625 0.059375 0.0703125
4 0.69375 0.115625 0.0625 0.0625
4 0.75703125 0.1140625 0.0578125 0.0625
4 0.82109375 0.11328125 0.0625 0.0625
4 0.884375 0.109375 0.0625 0.065625
0 0.446875 0.4703125 0.0484375 0.034375
0 0.446875 0.40390625 0.05625 0.0265625
0 0.63203125 0.3296875 0.053125 0.03125