2 0.1078125 0.39921875 0.0796875 0.6390625
0 0.36171875 0.46171875 0.0625 0.053125
0 0.296875 0.46484375 0.0609375 0.0703125
0 0.6671875 0.4671875 0.059375 0.0578125
0 0.6046875 0.4671875 0.059375 0.0609375
0 0.73046875 0.46875 0.0625 0.0578125
0 0.234375 0.4703125 0.0609375 0.0703125
0 0.1703125 0.47109375 0.0609375 0.075
0 0.79453125 0.47265625 0.0625 0.05625
0 0.54453125 0.475 0.0578125 0.05625
0 0.3609375 0.51953125 0.0625 0.05625
3 0.1078125 0.67578125 0.065625 0.065625
3 0.109375 0.56953125 0.0625 0.0703125
3 0.109375 0.4375 0.0609375 0.04375
3 0.109375 0.5015625 0.0578125 0.0484375
3 0.10546875 0.359375 0.0578125 0.0453125
3 0.1078125 0.30546875 0.0609375 0.0390625
3 0.1078125 0.2296875 0.0578125 0.034375
3 0.1109375 0.2671875 0.0609375 0.0359375
3 0.1109375 0.16953125 0.0515625 0.021875
3 0.109375 0.18984375 0.05625 0.0171875
3 0.1109375 0.20703125 0.0578125 0.0140625
3 0.1109375 0.1515625 0.05625 0.0171875
3 0.1078125 0.12265625 0.0578125 0.040625