1 0.50859375 0.05546875 0.85625 0.1109375
0 0.3015625 0.58203125 0.0609375 0.034375
0 0.46171875 0.5828125 0.053125 0.0390625
0 0.38125 0.584375 0.0578125 0.04375
0 0.2203125 0.58515625 0.0625 0.0390625
2 0.1359375 0.5953125 0.0984375 0.7640625
0 0.45703125 0.6578125 0.0703125 0.0390625
0 0.21875 0.65859375 0.0671875 0.04375
0 0.3796875 0.65859375 0.0609375 0.0390625
0 0.30078125 0.66015625 0.0609375 0.0359375
3 0.1296875 0.9390625 0.0640625 0.0625
3 0.13125 0.83671875 0.065625 0.04375
3 0.134375 0.75859375 0.0578125 0.0359375
3 0.1359375 0.7015625 0.0671875 0.053125
3 0.13671875 0.6078125 0.0609375 0.04375
3 0.13828125 0.5421875 0.0625 0.04375
3 0.1390625 0.49375 0.0625 0.0359375
3 0.1390625 0.4546875 0.0703125 0.0453125
3 0.1390625 0.40234375 0.0609375 0.0296875
3 0.1390625 0.36796875 0.0625 0.0296875
3 0.1390625 0.33984375 0.0625 0.0296875
3 0.140625 0.3125 0.065625 0.0265625
3 0.1421875 0.28828125 0.065625 0.0234375
4 0.13828125 0.040625 0.0828125 0.0765625
4 0.22109375 0.04296875 0.0828125 0.0828125
4 0.30390625 0.04296875 0.0765625 0.0828125
4 0.384375 0.046875 0.0796875 0.0890625
4 0.4671875 0.05078125 0.0765625 0.09375
4 0.55078125 0.0453125 0.0796875 0.0875
4 0.62890625 0.0453125 0.075 0.0875
4 0.70546875 0.0484375 0.0796875 0.0921875
4 0.78984375 0.04921875 0.0828125 0.09375
4 0.8765625 0.04921875 0.0875 0.09375
0 0.61796875 0.6578125 0.0546875 0.0359375
0 0.53515625 0.65859375 0.0578125 0.0359375
0 0.61875 0.58515625 0.053125 0.028125
0 0.22265625 0.2453125 0.0671875 0.034375
0 0.30546875 0.23671875 0.0609375 0.03125
0 0.384375 0.24375 0.0609375 0.0359375
0 0.540625 0.2484375 0.059375 0.0359375
0 0.625 0.24765625 0.0578125 0.0359375