1 0.5625 0.27734375 0.7453125 0.0609375
0 0.7140625 0.459375 0.0234375 0.0203125
0 0.7640625 0.46015625 0.028125 0.021875
0 0.6890625 0.46171875 0.025 0.025
0 0.5609375 0.46171875 0.025 0.021875
0 0.5109375 0.46171875 0.0265625 0.0203125
0 0.66328125 0.4625 0.0234375 0.025
0 0.5359375 0.4625 0.0234375 0.021875
0 0.5875 0.4625 0.025 0.021875
0 0.48671875 0.4625 0.0265625 0.0203125
0 0.63828125 0.4640625 0.0265625 0.025
0 0.46171875 0.4640625 0.025 0.0203125
0 0.4359375 0.4640625 0.025 0.0203125
0 0.41015625 0.4640625 0.0265625 0.021875
0 0.384375 0.46484375 0.0234375 0.021875
0 0.3078125 0.46640625 0.0234375 0.0203125
2 0.2078125 0.43359375 0.0296875 0.3421875
0 0.359375 0.46640625 0.025 0.021875
0 0.334375 0.4671875 0.0265625 0.025
0 0.259375 0.4671875 0.021875 0.0203125
0 0.234375 0.46875 0.025 0.021875
0 0.28359375 0.46875 0.021875 0.0203125
3 0.209375 0.5375 0.021875 0.0203125
3 0.209375 0.51328125 0.021875 0.0171875
3 0.209375 0.49140625 0.0265625 0.0203125
3 0.2078125 0.46171875 0.025 0.0203125
3 0.209375 0.4375 0.021875 0.0171875
3 0.2078125 0.4078125 0.0265625 0.0234375
3 0.2078125 0.3859375 0.025 0.0140625
3 0.2078125 0.36875 0.021875 0.0125
3 0.20703125 0.359375 0.0265625 0.0140625
3 0.2078125 0.3484375 0.0265625 0.0078125
3 0.2078125 0.3390625 0.025 0.0125
3 0.2078125 0.56484375 0.025 0.021875
3 0.209375 0.58671875 0.0265625 0.0234375
4 0.20546875 0.27890625 0.0265625 0.0265625
4 0.23203125 0.27734375 0.025 0.0265625
4 0.25625 0.2765625 0.025 0.0265625
4 0.2796875 0.275 0.0234375 0.0296875
4 0.30625 0.275 0.0234375 0.03125
4 0.33203125 0.27421875 0.0265625 0.034375
4 0.3578125 0.27421875 0.0265625 0.0359375
4 0.38359375 0.271875 0.021875 0.0328125
4 0.40859375 0.271875 0.0265625 0.0328125
4 0.4328125 0.27421875 0.021875 0.0296875
4 0.4578125 0.2703125 0.025 0.03125
4 0.484375 0.2703125 0.0265625 0.03125
4 0.509375 0.26953125 0.025 0.0296875
4 0.53359375 0.2703125 0.025 0.034375
4 0.9171875 0.26796875 0.0265625 0.040625
4 0.890625 0.26953125 0.025 0.0359375
4 0.865625 0.26953125 0.0265625 0.0359375
4 0.8390625 0.26796875 0.0265625 0.0359375
4 0.8125 0.26796875 0.025 0.0390625
4 0.7875 0.26953125 0.025 0.0359375
4 0.76171875 0.26953125 0.025 0.0359375
4 0.73828125 0.26796875 0.025 0.0328125
4 0.7125 0.26796875 0.025 0.0328125
4 0.6890625 0.26796875 0.025 0.0359375
4 0.6625 0.26953125 0.0265625 0.034375
4 0.63671875 0.26953125 0.025 0.0359375
4 0.61171875 0.26953125 0.0265625 0.034375
4 0.58671875 0.26953125 0.0234375 0.0359375
4 0.56015625 0.26953125 0.028125 0.0359375
0 0.2828125 0.5421875 0.0265625 0.0171875
0 0.484375 0.54453125 0.025 0.0171875
0 0.4859375 0.56640625 0.0265625 0.0203125
0 0.384375 0.53828125 0.0234375 0.0203125
0 0.73828125 0.546875 0.0265625 0.0203125