2 0.1546875 0.5265625 0.075 0.946875
3 0.15625 0.36875 0.0625 0.0296875
3 0.15625 0.31015625 0.05625 0.021875
3 0.15625 0.26953125 0.053125 0.0203125
3 0.15625 0.2328125 0.05625 0.0203125
3 0.15625 0.209375 0.0578125 0.0203125
3 0.15625 0.1875 0.053125 0.0203125
3 0.15625 0.1578125 0.053125 0.0203125
3 0.15625 0.12109375 0.0515625 0.0140625
3 0.15234375 0.0875 0.0515625 0.009375
4 0.1515625 0.06640625 0.0609375 0.0203125
3 0.15625 0.4625 0.053125 0.0203125
3 0.15625 0.5984375 0.0578125 0.028125
3 0.15625 0.69140625 0.053125 0.025
3 0.15625 0.75625 0.0578125 0.0265625
0 0.234375 0.13203125 0.053125 0.0203125
0 0.2328125 0.14921875 0.05625 0.0140625
0 0.296875 0.13203125 0.05625 0.0140625
0 0.2984375 0.146875 0.0578125 0.0140625
0 0.4203125 0.13359375 0.0453125 0.0140625
0 0.41953125 0.14765625 0.0453125 0.0125
0 0.2328125 0.23046875 0.0484375 0.0140625
0 0.2953125 0.2328125 0.053125 0.0125
0 0.41796875 0.2359375 0.0453125 0.0140625
0 0.23046875 0.4515625 0.0453125 0.0171875
0 0.2921875 0.459375 0.0484375 0.0203125
0 0.4125 0.46015625 0.0453125 0.0171875
0 0.23203125 0.40625 0.053125 0.034375
0 0.2953125 0.4109375 0.0546875 0.0359375
0 0.35703125 0.4171875 0.0515625 0.021875
0 0.41484375 0.41484375 0.053125 0.0453125
0 0.47734375 0.421875 0.0515625 0.0265625
0 0.5421875 0.4234375 0.0578125 0.0296875
0 0.60703125 0.4234375 0.05625 0.03125
0 0.6703125 0.4265625 0.0625 0.0296875
0 0.2328125 0.2671875 0.0484375 0.0296875
0 0.2953125 0.26953125 0.0515625 0.025
0 0.415625 0.32421875 0.04375 0.0171875
0 0.41796875 0.27421875 0.04375 0.021875
4 0.2296875 0.08515625 0.075 0.0484375
4 0.29921875 0.08671875 0.0609375 0.0484375
4 0.3609375 0.08671875 0.0546875 0.0453125
4 0.41953125 0.0875 0.0640625 0.0515625
4 0.4828125 0.0875 0.065625 0.0484375
4 0.55078125 0.0875 0.065625 0.0515625
4 0.6140625 0.09765625 0.053125 0.065625
4 0.67578125 0.1 0.0578125 0.06875