1 0.42421875 0.2515625 0.8125 0.053125
2 0.0484375 0.40234375 0.0484375 0.1765625
1 0.44921875 0.55625 0.6515625 0.0484375
2 0.15859375 0.70546875 0.0484375 0.1734375
3 0.0484375 0.37734375 0.0328125 0.021875
3 0.046875 0.34140625 0.034375 0.021875
3 0.16015625 0.67890625 0.034375 0.021875
3 0.15859375 0.64296875 0.0296875 0.0171875
3 0.1625 0.7359375 0.03125 0.0125
3 0.0515625 0.43125 0.034375 0.0203125
4 0.03828125 0.25703125 0.0296875 0.0296875
4 0.07421875 0.25703125 0.034375 0.0296875
4 0.109375 0.2546875 0.034375 0.03125
4 0.14296875 0.25703125 0.0296875 0.0234375
4 0.178125 0.25625 0.0328125 0.0265625
4 0.2140625 0.2546875 0.034375 0.0265625
4 0.24765625 0.2546875 0.03125 0.021875
4 0.2828125 0.2546875 0.0328125 0.0265625
4 0.3171875 0.25390625 0.03125 0.0265625
4 0.35234375 0.25234375 0.0359375 0.0265625
4 0.80390625 0.24375 0.034375 0.0265625
4 0.76953125 0.24375 0.034375 0.0265625
4 0.734375 0.2453125 0.034375 0.0296875
4 0.69921875 0.2453125 0.034375 0.0296875
4 0.665625 0.24609375 0.03125 0.025
4 0.6296875 0.2453125 0.0359375 0.0265625
4 0.59375 0.24765625 0.034375 0.0265625
4 0.56015625 0.24765625 0.034375 0.0265625
4 0.525 0.2484375 0.034375 0.0265625
4 0.49140625 0.2484375 0.034375 0.0265625
4 0.45546875 0.2484375 0.034375 0.0265625
4 0.421875 0.25 0.034375 0.0265625
4 0.38671875 0.25 0.034375 0.025
4 0.1515625 0.5640625 0.0296875 0.025
4 0.18515625 0.5625 0.03125 0.0265625
4 0.22109375 0.5609375 0.03125 0.0265625
4 0.25625 0.55859375 0.0265625 0.025
4 0.28828125 0.55625 0.0296875 0.0203125
4 0.3234375 0.5578125 0.0296875 0.0234375
4 0.3609375 0.55625 0.0296875 0.025
4 0.39453125 0.55546875 0.0296875 0.028125
4 0.428125 0.55546875 0.034375 0.028125
4 0.4640625 0.55625 0.03125 0.028125
4 0.49765625 0.55390625 0.03125 0.028125
4 0.53359375 0.55390625 0.034375 0.0265625
4 0.74296875 0.546875 0.03125 0.0265625
4 0.7078125 0.54921875 0.028125 0.0265625
4 0.671875 0.55078125 0.034375 0.0265625
4 0.63671875 0.55078125 0.034375 0.025
4 0.60234375 0.553125 0.03125 0.028125
4 0.56875 0.5515625 0.034375 0.0265625
3 0.16015625 0.7046875 0.03125 0.0140625
3 0.1625 0.75625 0.0265625 0.0125
3 0.1625 0.77890625 0.0265625 0.0171875
3 0.05390625 0.46875 0.0359375 0.025
3 0.04921875 0.4015625 0.03125 0.0171875