1 0.42421875 0.2515625 0.8125 0.053125
2 0.0484375 0.40625 0.05625 0.165625
1 0.44453125 0.55625 0.646875 0.0484375
2 0.15859375 0.71015625 0.05625 0.165625
3 0.1609375 0.734375 0.0296875 0.0125
3 0.16015625 0.68046875 0.03125 0.009375
3 0.1578125 0.6421875 0.03125 0.0125
3 0.0515625 0.4328125 0.0296875 0.0125
3 0.05078125 0.37890625 0.03125 0.0140625
3 0.0453125 0.34140625 0.0296875 0.0125
4 0.03828125 0.259375 0.034375 0.021875
4 0.07421875 0.25703125 0.03125 0.0234375
4 0.1078125 0.25703125 0.03125 0.0265625
4 0.1421875 0.25625 0.0359375 0.021875
4 0.178125 0.25703125 0.0328125 0.021875
4 0.2125 0.2546875 0.034375 0.0265625
4 0.24609375 0.2546875 0.03125 0.025
4 0.2796875 0.25390625 0.0328125 0.021875
4 0.31640625 0.25234375 0.034375 0.021875
4 0.35078125 0.2515625 0.034375 0.0265625
4 0.3859375 0.2515625 0.034375 0.025
4 0.4203125 0.25 0.03125 0.025
4 0.45546875 0.2484375 0.034375 0.0265625
4 0.49140625 0.2484375 0.0359375 0.0265625
4 0.525 0.24765625 0.034375 0.025
4 0.55859375 0.2484375 0.03125 0.025
4 0.59375 0.24609375 0.0359375 0.0265625
4 0.62890625 0.2453125 0.0296875 0.021875
4 0.6625 0.24609375 0.034375 0.025
4 0.80546875 0.24296875 0.0359375 0.025
4 0.76796875 0.24296875 0.03125 0.021875
4 0.73203125 0.24375 0.0359375 0.025
4 0.696875 0.24375 0.034375 0.025
4 0.14765625 0.5625 0.0359375 0.0265625
4 0.18515625 0.5609375 0.03125 0.028125
4 0.2203125 0.5609375 0.034375 0.025
4 0.25390625 0.56015625 0.0296875 0.0265625
4 0.2875 0.55859375 0.03125 0.0296875
4 0.321875 0.55859375 0.0328125 0.0265625
4 0.740625 0.54921875 0.0390625 0.0265625
4 0.7046875 0.54921875 0.028125 0.025
4 0.66953125 0.54921875 0.0359375 0.0265625
4 0.634375 0.55078125 0.03125 0.025
4 0.60234375 0.5515625 0.034375 0.0203125
4 0.56953125 0.5515625 0.03125 0.0234375
4 0.5328125 0.553125 0.034375 0.025
4 0.49765625 0.55625 0.034375 0.0265625
4 0.4640625 0.55546875 0.0359375 0.028125
4 0.43046875 0.55546875 0.03125 0.0234375
4 0.3953125 0.5578125 0.0359375 0.0265625
4 0.3578125 0.5578125 0.0328125 0.028125
3 0.05078125 0.46484375 0.034375 0.021875
3 0.05078125 0.40234375 0.0359375 0.0171875
3 0.1609375 0.7546875 0.0296875 0.009375
3 0.1625 0.7671875 0.03125 0.0125
3 0.16015625 0.70546875 0.034375 0.0171875
3 0.1609375 0.7453125 0.03125 0.0078125