1 0.5921875 0.1609375 0.6390625 0.09375
2 0.30625 0.42890625 0.075 0.4
3 0.30546875 0.5046875 0.0515625 0.021875
3 0.30546875 0.4359375 0.0515625 0.021875
3 0.3078125 0.31953125 0.0546875 0.0359375
4 0.30546875 0.1578125 0.0546875 0.075
4 0.3703125 0.15390625 0.065625 0.0703125
4 0.43359375 0.15859375 0.05625 0.0625
4 0.49765625 0.1578125 0.0625 0.0625
4 0.875 0.16328125 0.065625 0.0671875
4 0.8109375 0.1609375 0.0609375 0.0625
4 0.7453125 0.16328125 0.0625 0.0609375
4 0.6828125 0.1625 0.0578125 0.05625
4 0.6203125 0.1625 0.0578125 0.053125
4 0.56015625 0.16015625 0.05625 0.0625