0 0.81875 0.25625 0.03125 0.0203125
0 0.7015625 0.25625 0.028125 0.025
0 0.7328125 0.25703125 0.028125 0.021875
0 0.61640625 0.2609375 0.0265625 0.021875
0 0.5875 0.26171875 0.025 0.025
0 0.33046875 0.2640625 0.0265625 0.0234375
0 0.56015625 0.2640625 0.0265625 0.0234375
0 0.41484375 0.265625 0.0296875 0.021875
0 0.30078125 0.265625 0.0296875 0.021875
0 0.24375 0.265625 0.0265625 0.021875
0 0.2140625 0.265625 0.0296875 0.021875
0 0.3578125 0.265625 0.0296875 0.025
0 0.12890625 0.265625 0.0296875 0.0203125
0 0.3859375 0.2671875 0.0265625 0.021875
0 0.271875 0.2671875 0.0265625 0.0234375
1 0.484375 0.08671875 0.825 0.065625
3 0.0984375 0.15 0.021875 0.0046875
3 0.0984375 0.1578125 0.021875 0.009375
3 0.0984375 0.16796875 0.025 0.0125
3 0.0984375 0.1859375 0.025 0.0171875
3 0.0984375 0.2015625 0.021875 0.009375
3 0.1 0.2234375 0.025 0.0140625
3 0.10078125 0.25625 0.021875 0.009375
3 0.1 0.303125 0.025 0.0171875
3 0.1 0.33984375 0.021875 0.0140625
3 0.1 0.38671875 0.025 0.0140625
3 0.10078125 0.459375 0.0265625 0.021875
4 0.09375 0.0921875 0.03125 0.04375
4 0.125 0.0921875 0.03125 0.0375
4 0.15390625 0.08984375 0.0296875 0.0359375
4 0.18125 0.0921875 0.0296875 0.0375
4 0.21171875 0.0921875 0.0296875 0.034375
4 0.2390625 0.0890625 0.0265625 0.0390625
4 0.26796875 0.09140625 0.0296875 0.0390625
4 0.29921875 0.08984375 0.0296875 0.0390625
4 0.328125 0.08984375 0.0265625 0.0390625
4 0.35546875 0.08984375 0.0296875 0.0359375
4 0.384375 0.0890625 0.0296875 0.0359375
4 0.41484375 0.0875 0.0265625 0.040625
4 0.44375 0.08984375 0.0296875 0.0390625
4 0.47265625 0.08984375 0.025 0.040625
4 0.5015625 0.0890625 0.0265625 0.040625
4 0.5296875 0.0875 0.025 0.040625
4 0.55859375 0.08671875 0.0265625 0.0390625
4 0.5890625 0.08671875 0.0265625 0.04375
4 0.61640625 0.08671875 0.0265625 0.0359375
4 0.646875 0.0875 0.028125 0.0390625
4 0.67578125 0.08671875 0.0265625 0.0359375
4 0.7015625 0.08671875 0.025 0.0390625
4 0.73046875 0.08515625 0.021875 0.0390625
4 0.7609375 0.08515625 0.028125 0.040625
4 0.78984375 0.084375 0.0265625 0.0375
4 0.81953125 0.0828125 0.0296875 0.0390625
4 0.8484375 0.084375 0.0265625 0.0359375
4 0.8765625 0.084375 0.025 0.0375
2 0.1 0.30859375 0.0453125 0.3484375