1 0.77109375 0.2359375 0.4578125 0.071875
1 0.2296875 0.2640625 0.4234375 0.071875
2 0.58203125 0.53984375 0.05625 0.4203125
0 0.2203125 0.55859375 0.034375 0.0265625
0 0.25625 0.56015625 0.0328125 0.0265625
0 0.18515625 0.5640625 0.034375 0.021875
2 0.0515625 0.56484375 0.0578125 0.4140625
0 0.15390625 0.56484375 0.03125 0.025
0 0.3234375 0.60078125 0.03125 0.0234375
0 0.28828125 0.6046875 0.0359375 0.0265625
0 0.8171875 0.61875 0.03125 0.0265625
0 0.78359375 0.6203125 0.03125 0.021875
0 0.7484375 0.6203125 0.034375 0.021875
0 0.0875 0.62109375 0.0359375 0.0296875
0 0.71484375 0.62109375 0.0296875 0.0296875
0 0.85 0.62265625 0.03125 0.0265625
0 0.68125 0.62265625 0.03125 0.0265625
0 0.1234375 0.62265625 0.03125 0.0265625
0 0.64921875 0.6265625 0.03125 0.025
0 0.61796875 0.62734375 0.034375 0.021875
3 0.053125 0.7453125 0.034375 0.03125
3 0.0515625 0.6265625 0.03125 0.025
3 0.053125 0.67578125 0.0296875 0.0265625
3 0.0515625 0.5875 0.03125 0.025
3 0.04921875 0.5359375 0.0296875 0.0203125
3 0.04921875 0.49765625 0.0296875 0.0203125
3 0.0484375 0.4703125 0.03125 0.0140625
3 0.0484375 0.446875 0.0328125 0.025
3 0.0453125 0.421875 0.03125 0.0171875
3 0.0453125 0.4046875 0.03125 0.0140625
3 0.0453125 0.3921875 0.03125 0.0125
3 0.046875 0.38125 0.0296875 0.0078125
3 0.0453125 0.3703125 0.03125 0.0140625
3 0.58046875 0.72109375 0.0390625 0.034375
3 0.58046875 0.603125 0.034375 0.0203125
3 0.58203125 0.6546875 0.0359375 0.028125
3 0.58046875 0.56640625 0.034375 0.021875
3 0.578125 0.51171875 0.03125 0.0203125
3 0.5765625 0.4734375 0.03125 0.0171875
3 0.57578125 0.44609375 0.03125 0.0140625
3 0.57578125 0.42421875 0.034375 0.021875
3 0.5734375 0.39921875 0.034375 0.0140625
3 0.5734375 0.38359375 0.028125 0.0125
3 0.5734375 0.36875 0.028125 0.0125
3 0.5734375 0.359375 0.028125 0.009375
3 0.5734375 0.3484375 0.03125 0.0125
4 0.0375 0.2640625 0.034375 0.0515625
4 0.0734375 0.2671875 0.03125 0.0453125
4 0.1078125 0.26953125 0.034375 0.04375
4 0.1421875 0.2671875 0.0328125 0.040625
4 0.17578125 0.2640625 0.034375 0.0390625
4 0.21015625 0.2640625 0.0359375 0.04375
4 0.2453125 0.26328125 0.034375 0.040625
4 0.2765625 0.259375 0.03125 0.0453125
4 0.34765625 0.25859375 0.034375 0.0453125
4 0.3125 0.259375 0.0390625 0.0453125
4 0.56875 0.24140625 0.0390625 0.0453125
4 0.8421875 0.2296875 0.0390625 0.0453125
4 0.7703125 0.23046875 0.0359375 0.0515625
4 0.80546875 0.23203125 0.03125 0.0515625
4 0.60546875 0.24140625 0.034375 0.0453125
4 0.64453125 0.24140625 0.040625 0.0453125
4 0.68125 0.240625 0.03125 0.0484375
4 0.71015625 0.23828125 0.03125 0.05625
4 0.740625 0.23671875 0.028125 0.0515625
4 0.8796875 0.22578125 0.034375 0.0515625
4 0.91328125 0.228125 0.034375 0.0515625
4 0.41796875 0.25390625 0.040625 0.0453125
4 0.38125 0.2546875 0.0359375 0.0484375
4 0.95078125 0.22578125 0.0359375 0.0453125
4 0.984375 0.22578125 0.03125 0.0453125