1 0.5 0.2640625 1 0.0765625
0 0.4625 0.49375 0.034375 0.0265625
0 0.49609375 0.4953125 0.03125 0.0265625
0 0.42890625 0.49609375 0.034375 0.0265625
0 0.39765625 0.49609375 0.034375 0.0296875
0 0.29921875 0.49765625 0.03125 0.0296875
0 0.33046875 0.49765625 0.0328125 0.03125
0 0.23203125 0.4984375 0.03125 0.0265625
0 0.36328125 0.5 0.034375 0.0265625
0 0.265625 0.5015625 0.03125 0.025
0 0.1984375 0.5015625 0.03125 0.021875
0 0.165625 0.50390625 0.0328125 0.025
0 0.10078125 0.50625 0.03125 0.025
0 0.13359375 0.50625 0.034375 0.025
0 0.0671875 0.50703125 0.034375 0.0265625
2 0.62734375 0.51953125 0.04375 0.3953125
0 0.79453125 0.5359375 0.034375 0.0203125
0 0.9578125 0.5375 0.034375 0.0203125
2 0.03515625 0.5375 0.0453125 0.4078125
3 0.03515625 0.71484375 0.0390625 0.0390625
3 0.0359375 0.640625 0.03125 0.0265625
3 0.03515625 0.5921875 0.0296875 0.021875
3 0.03515625 0.553125 0.03125 0.0203125
3 0.03359375 0.50234375 0.0265625 0.0171875
3 0.03359375 0.46484375 0.03125 0.0171875
3 0.0328125 0.43984375 0.03125 0.0171875
3 0.03125 0.41953125 0.03125 0.0171875
3 0.03125 0.396875 0.0296875 0.0171875
3 0.0328125 0.38359375 0.03125 0.0140625
3 0.0328125 0.37109375 0.0265625 0.009375
3 0.03125 0.36328125 0.0265625 0.0078125
3 0.03125 0.3546875 0.0296875 0.0125
3 0.63359375 0.69453125 0.034375 0.0234375
3 0.63125 0.61875 0.034375 0.025
3 0.6296875 0.571875 0.028125 0.0171875
3 0.63203125 0.53359375 0.0359375 0.0171875
3 0.62890625 0.4828125 0.0265625 0.0140625
3 0.62890625 0.44453125 0.0296875 0.0171875
3 0.62734375 0.421875 0.028125 0.0125
3 0.62734375 0.4015625 0.028125 0.0171875
3 0.62734375 0.3796875 0.0265625 0.0140625
3 0.62734375 0.365625 0.0265625 0.009375
3 0.62734375 0.3546875 0.028125 0.009375
3 0.62734375 0.34609375 0.0265625 0.0078125
3 0.6265625 0.33671875 0.028125 0.0125
4 0.02890625 0.275 0.0296875 0.0390625
4 0.0625 0.275 0.0296875 0.04375
4 0.0953125 0.27421875 0.0296875 0.04375
4 0.12890625 0.27265625 0.0265625 0.040625
4 0.6265625 0.265625 0.028125 0.034375
4 0.3578125 0.2703125 0.0359375 0.0359375
4 0.39296875 0.27265625 0.03125 0.0390625
4 0.42421875 0.26953125 0.03125 0.040625
4 0.49296875 0.26953125 0.034375 0.0390625
4 0.4578125 0.2703125 0.034375 0.040625
4 0.25859375 0.27421875 0.03125 0.0359375
4 0.22578125 0.27421875 0.034375 0.040625
4 0.32578125 0.27265625 0.0328125 0.0390625
4 0.2921875 0.27265625 0.03125 0.040625
4 0.19140625 0.27265625 0.03125 0.04375
4 0.1578125 0.27265625 0.0296875 0.040625
4 0.9625 0.25625 0.034375 0.0484375
4 0.9265625 0.2546875 0.0359375 0.0453125
4 0.89296875 0.2546875 0.03125 0.040625
4 0.86171875 0.25234375 0.03125 0.04375
4 0.828125 0.2546875 0.0390625 0.0484375
4 0.78984375 0.2546875 0.0359375 0.04375
4 0.75859375 0.25625 0.028125 0.040625
4 0.725 0.2609375 0.03125 0.0484375
4 0.6921875 0.2609375 0.03125 0.0453125
4 0.65859375 0.259375 0.034375 0.04375
4 0.59375 0.26171875 0.03125 0.0453125
4 0.5578125 0.26328125 0.03125 0.040625
4 0.5265625 0.26796875 0.03125 0.040625
0 0.89296875 0.7015625 0.034375 0.025
0 0.89296875 0.540625 0.025 0.0140625
0 0.89296875 0.4421875 0.0265625 0.0140625
0 0.89296875 0.51328125 0.0265625 0.0203125