1 0.478125 0.18515625 0.7484375 0.09375
2 0.15 0.4890625 0.0703125 0.5484375
0 0.2984375 0.5953125 0.0703125 0.05625
0 0.2234375 0.5953125 0.0703125 0.059375
4 0.146875 0.18046875 0.0609375 0.0625
4 0.22265625 0.178125 0.0609375 0.0625
4 0.2953125 0.18359375 0.0578125 0.0578125
4 0.36875 0.18046875 0.0578125 0.05625
4 0.80625 0.18515625 0.0625 0.0578125
4 0.73203125 0.1875 0.0703125 0.053125
4 0.6578125 0.18515625 0.065625 0.0625
4 0.58515625 0.18515625 0.059375 0.0578125
4 0.5140625 0.18359375 0.059375 0.053125
4 0.44140625 0.1828125 0.0609375 0.0578125
3 0.15 0.7296875 0.0625 0.0484375
3 0.15 0.62890625 0.0578125 0.0390625
3 0.15 0.553125 0.0578125 0.034375
3 0.15 0.49609375 0.0578125 0.040625
3 0.1515625 0.42421875 0.05625 0.03125
3 0.14921875 0.375 0.05625 0.0296875
3 0.15 0.3484375 0.05625 0.0203125
3 0.15 0.32421875 0.0609375 0.0296875
3 0.1515625 0.3015625 0.0609375 0.0171875