0 0.81875 0.25625 0.03125 0.0203125
0 0.7015625 0.25625 0.028125 0.021875
0 0.7328125 0.25703125 0.028125 0.021875
0 0.61640625 0.2609375 0.028125 0.021875
0 0.5875 0.26171875 0.025 0.025
0 0.33046875 0.2640625 0.0265625 0.0234375
0 0.56015625 0.2640625 0.0265625 0.0234375
0 0.415625 0.2640625 0.0296875 0.021875
0 0.30078125 0.265625 0.0296875 0.025
0 0.24375 0.265625 0.0265625 0.021875
0 0.2140625 0.265625 0.0296875 0.021875
0 0.3578125 0.265625 0.0296875 0.025
0 0.12890625 0.265625 0.0296875 0.0203125
0 0.38671875 0.2671875 0.0265625 0.0234375
0 0.271875 0.2671875 0.0265625 0.0234375
1 0.4859375 0.08515625 0.8265625 0.0609375
3 0.09765625 0.46015625 0.0296875 0.0171875
3 0.09765625 0.38671875 0.0265625 0.0140625
3 0.0984375 0.3390625 0.025 0.0140625
3 0.0984375 0.30390625 0.0265625 0.0171875
3 0.0984375 0.25625 0.025 0.0125
3 0.0984375 0.225 0.025 0.0125
3 0.1 0.203125 0.025 0.0125
3 0.0984375 0.18515625 0.0296875 0.0203125
3 0.0984375 0.16796875 0.021875 0.009375
3 0.0984375 0.15859375 0.025 0.0046875
3 0.0984375 0.15 0.0296875 0.0078125
3 0.0984375 0.1390625 0.0265625 0.0140625
4 0.0953125 0.09140625 0.0296875 0.0359375
4 0.1234375 0.09140625 0.0265625 0.034375
4 0.15234375 0.0921875 0.0265625 0.034375
4 0.18046875 0.0921875 0.0296875 0.03125
4 0.2125 0.09140625 0.0265625 0.034375
4 0.240625 0.08984375 0.025 0.034375
4 0.26796875 0.08984375 0.0265625 0.0359375
4 0.2984375 0.0890625 0.0265625 0.03125
4 0.3265625 0.0890625 0.0234375 0.034375
4 0.353125 0.0890625 0.0265625 0.034375
4 0.384375 0.08984375 0.0265625 0.034375
4 0.41328125 0.0875 0.0296875 0.0359375
4 0.44375 0.0875 0.03125 0.0390625
4 0.47265625 0.0875 0.0265625 0.0359375
4 0.5 0.0875 0.0296875 0.034375
4 0.52890625 0.0875 0.0265625 0.034375
4 0.5578125 0.08671875 0.03125 0.0359375
4 0.5875 0.08671875 0.028125 0.0359375
4 0.61640625 0.0875 0.028125 0.0359375
4 0.6453125 0.0890625 0.03125 0.034375
4 0.67421875 0.08515625 0.0265625 0.0359375
4 0.70078125 0.08671875 0.0265625 0.0359375
2 0.09609375 0.2984375 0.0453125 0.353125