1 0.47265625 0.1265625 0.6828125 0.0671875
0 0.21640625 0.3578125 0.04375 0.0265625
2 0.1625 0.3953125 0.0609375 0.4015625
3 0.1625 0.39921875 0.04375 0.0265625
3 0.1625 0.3484375 0.040625 0.021875
3 0.1625 0.2875 0.0390625 0.0171875
3 0.1625 0.2671875 0.04375 0.021875
3 0.16328125 0.49140625 0.040625 0.021875
3 0.16484375 0.44140625 0.04375 0.021875
3 0.1625 0.3125 0.040625 0.0171875
3 0.16484375 0.56484375 0.0453125 0.0359375
3 0.1625 0.2484375 0.0390625 0.009375
3 0.16328125 0.23671875 0.0375 0.009375
3 0.16015625 0.228125 0.040625 0.0078125
4 0.31640625 0.1296875 0.0484375 0.0484375
4 0.36796875 0.1296875 0.0515625 0.0453125
4 0.16015625 0.125 0.0515625 0.053125
4 0.2640625 0.12890625 0.0484375 0.053125
4 0.2140625 0.12734375 0.0453125 0.053125
4 0.52265625 0.13203125 0.0484375 0.0515625
4 0.7828125 0.13125 0.0484375 0.0484375
4 0.73046875 0.1296875 0.05625 0.0515625
4 0.6765625 0.1296875 0.0515625 0.0484375
4 0.625 0.13203125 0.05625 0.04375
4 0.571875 0.13203125 0.0484375 0.0453125
4 0.47109375 0.13125 0.053125 0.0515625
4 0.41796875 0.13203125 0.0484375 0.0484375