0 0.43125 0.46875 0.0625 0.040625
0 0.36796875 0.47265625 0.0546875 0.0359375
3 0.10078125 0.5890625 0.065625 0.04375
3 0.1 0.50390625 0.0625 0.03125
3 0.09765625 0.44921875 0.0609375 0.025
3 0.09765625 0.40390625 0.0578125 0.03125
3 0.0953125 0.3453125 0.0609375 0.0328125
3 0.0953125 0.30390625 0.0609375 0.0234375
3 0.0953125 0.25234375 0.0609375 0.021875
3 0.0953125 0.275 0.0609375 0.021875
4 0.0921875 0.13125 0.0625 0.0515625
3 0.0953125 0.22734375 0.05625 0.021875
1 0.490625 0.12890625 0.8890625 0.0875
2 0.09609375 0.4125 0.0890625 0.428125