2 0.4625 0.29921875 0.040625 0.384375
0 0.12265625 0.29921875 0.03125 0.0203125
0 0.37109375 0.29921875 0.0296875 0.0234375
0 0.2484375 0.30078125 0.0296875 0.0265625
0 0.40234375 0.303125 0.034375 0.021875
0 0.55546875 0.303125 0.028125 0.0234375
0 0.49765625 0.30390625 0.0296875 0.0234375
2 0.0609375 0.30390625 0.04375 0.3796875
1 0.4953125 0.06953125 0.9046875 0.05625
3 0.0625 0.46875 0.034375 0.025
3 0.0625 0.41484375 0.03125 0.0265625
3 0.0625 0.3734375 0.03125 0.0234375
3 0.0625 0.3390625 0.03125 0.0234375
3 0.0625 0.290625 0.0296875 0.0171875
3 0.0625 0.2546875 0.0296875 0.0171875
3 0.0625 0.23046875 0.0265625 0.0140625
3 0.0609375 0.21015625 0.0265625 0.0203125
3 0.0609375 0.1890625 0.0265625 0.0140625
3 0.0609375 0.171875 0.025 0.0125
3 0.0609375 0.1609375 0.025 0.009375
3 0.0609375 0.15 0.025 0.0125
3 0.0609375 0.13828125 0.0265625 0.0171875
3 0.4640625 0.47265625 0.034375 0.0296875
3 0.4640625 0.4171875 0.0296875 0.0203125
3 0.4640625 0.375 0.0296875 0.0171875
3 0.4640625 0.34140625 0.0296875 0.021875
3 0.4640625 0.2921875 0.0265625 0.0171875
3 0.4625 0.25703125 0.0265625 0.0203125
3 0.4640625 0.23203125 0.0265625 0.0171875
3 0.4640625 0.2125 0.0265625 0.021875
3 0.4640625 0.18984375 0.0265625 0.0171875
3 0.4640625 0.1734375 0.0265625 0.0125
3 0.4640625 0.1609375 0.0265625 0.0125
3 0.4640625 0.1515625 0.0265625 0.009375
3 0.4640625 0.13203125 0.0265625 0.0296875
4 0.27421875 0.06953125 0.0296875 0.0359375
4 0.30625 0.06875 0.0328125 0.0359375
0 0.2765625 0.1234375 0.03125 0.0171875
4 0.06015625 0.06640625 0.03125 0.0359375
4 0.4625 0.06640625 0.034375 0.0359375
4 0.2046875 0.0671875 0.03125 0.034375
4 0.08984375 0.06640625 0.0296875 0.034375