1 0.50390625 0.26171875 0.978125 0.0875
2 0.053125 0.578125 0.0765625 0.5203125
3 0.0515625 0.78515625 0.0625 0.0578125
3 0.0515625 0.71640625 0.0625 0.04375
3 0.0515625 0.6671875 0.0578125 0.0390625
3 0.053125 0.62265625 0.0625 0.0484375
3 0.05390625 0.56484375 0.0609375 0.0390625
3 0.053125 0.521875 0.0578125 0.034375
3 0.053125 0.48828125 0.0578125 0.0296875
3 0.053125 0.45546875 0.0625 0.040625
3 0.0515625 0.421875 0.0546875 0.0265625
3 0.0515625 0.39765625 0.0578125 0.0203125
3 0.0515625 0.37734375 0.0578125 0.0203125
3 0.05078125 0.359375 0.0578125 0.0171875
3 0.05078125 0.34140625 0.0578125 0.0234375
4 0.05078125 0.26171875 0.0578125 0.065625
4 0.11796875 0.259375 0.0609375 0.0609375
4 0.26953125 0.259375 0.0625 0.0609375
4 0.18984375 0.259375 0.0703125 0.0625
4 0.3421875 0.25859375 0.071875 0.0609375
4 0.41796875 0.2609375 0.065625 0.065625
4 0.490625 0.25703125 0.0671875 0.0609375
4 0.5671875 0.259375 0.059375 0.0515625
4 0.640625 0.2609375 0.0625 0.0609375
4 0.78984375 0.259375 0.0578125 0.0515625
4 0.865625 0.259375 0.05625 0.0578125
4 0.94453125 0.2609375 0.0703125 0.0515625
4 0.71484375 0.2609375 0.075 0.071875