1 0.4796875 0.18515625 0.7453125 0.09375
2 0.15 0.49296875 0.0765625 0.540625
0 0.2984375 0.59375 0.0703125 0.0578125
0 0.2234375 0.5953125 0.0703125 0.0578125
3 0.15 0.73203125 0.0625 0.0484375
3 0.14921875 0.6265625 0.0625 0.040625
3 0.15 0.5515625 0.0578125 0.0390625
3 0.15 0.4953125 0.0609375 0.0453125
3 0.14921875 0.4234375 0.0578125 0.0359375
3 0.15 0.375 0.0578125 0.034375
3 0.1515625 0.34765625 0.0609375 0.021875
3 0.15 0.31953125 0.0625 0.0359375
4 0.14921875 0.1828125 0.065625 0.0609375
4 0.22265625 0.1828125 0.0671875 0.065625
4 0.29453125 0.1859375 0.0609375 0.0625
4 0.3703125 0.18515625 0.0625 0.0609375
4 0.43984375 0.18359375 0.0625 0.0578125
4 0.51171875 0.18515625 0.065625 0.0609375
4 0.584375 0.1890625 0.065625 0.0625
4 0.80390625 0.18515625 0.0671875 0.0625
4 0.73046875 0.18359375 0.0703125 0.0609375
4 0.65625 0.18515625 0.065625 0.0625