1 0.2296875 0.2640625 0.4234375 0.071875
0 0.2203125 0.55859375 0.034375 0.025
0 0.25625 0.56015625 0.0328125 0.0265625
0 0.18515625 0.5640625 0.03125 0.021875
0 0.15390625 0.56484375 0.03125 0.025
0 0.3234375 0.60078125 0.03125 0.0234375
0 0.28828125 0.6046875 0.034375 0.0265625
0 0.8171875 0.61875 0.03125 0.0265625
0 0.78359375 0.6203125 0.028125 0.021875
0 0.7484375 0.6203125 0.03125 0.021875
0 0.0875 0.6203125 0.0359375 0.028125
0 0.71484375 0.62109375 0.0296875 0.0296875
0 0.85 0.62265625 0.0296875 0.025
0 0.6828125 0.62265625 0.03125 0.0265625
0 0.1234375 0.62265625 0.03125 0.0265625
0 0.65 0.625 0.03125 0.025
0 0.61640625 0.62890625 0.03125 0.025
3 0.0515625 0.7453125 0.040625 0.03125
3 0.053125 0.6765625 0.034375 0.0265625
3 0.0515625 0.62890625 0.0359375 0.025
3 0.05078125 0.58984375 0.0359375 0.025
3 0.0484375 0.53515625 0.0328125 0.025
3 0.05078125 0.49765625 0.0359375 0.0140625
3 0.0484375 0.47109375 0.0328125 0.0140625
3 0.0484375 0.446875 0.0359375 0.021875
3 0.046875 0.421875 0.0296875 0.0125
3 0.0453125 0.4046875 0.0296875 0.0125
3 0.0453125 0.39453125 0.03125 0.0125
3 0.0453125 0.38359375 0.0296875 0.0125
3 0.0453125 0.3703125 0.03125 0.0171875
3 0.58203125 0.7234375 0.0484375 0.040625
3 0.5828125 0.65390625 0.0359375 0.028125
3 0.58203125 0.60234375 0.0359375 0.0234375
3 0.5796875 0.56484375 0.0359375 0.028125
3 0.578125 0.51328125 0.03125 0.0203125
3 0.578125 0.47265625 0.034375 0.0203125
3 0.57578125 0.44609375 0.028125 0.0140625
3 0.57421875 0.42421875 0.034375 0.0265625
3 0.57421875 0.39765625 0.03125 0.0171875
3 0.5734375 0.38359375 0.03125 0.0125
3 0.571875 0.3703125 0.028125 0.0140625
3 0.5734375 0.3578125 0.028125 0.009375
3 0.5734375 0.3453125 0.028125 0.0171875
4 0.0375 0.26953125 0.0359375 0.0515625
4 0.0734375 0.26796875 0.0359375 0.0515625
4 0.1078125 0.271875 0.034375 0.04375
4 0.41484375 0.25859375 0.0453125 0.053125
4 0.3765625 0.25703125 0.0328125 0.0515625
4 0.34765625 0.25859375 0.025 0.0515625
4 0.14296875 0.2671875 0.0328125 0.040625
4 0.178125 0.2671875 0.0359375 0.0359375
4 0.21015625 0.2640625 0.03125 0.0359375
4 0.24375 0.2609375 0.0296875 0.034375
4 0.27734375 0.2609375 0.025 0.03125
4 0.31015625 0.2609375 0.0234375 0.0359375
4 0.56875 0.2453125 0.0390625 0.0515625
4 0.84140625 0.2296875 0.034375 0.04375
4 0.80859375 0.228125 0.0296875 0.04375
4 0.7796875 0.23203125 0.028125 0.0453125
4 0.875 0.228125 0.0296875 0.04375
4 0.74296875 0.2359375 0.04375 0.0515625
1 0.76953125 0.23828125 0.459375 0.0765625
2 0.5796875 0.5375 0.0625 0.4359375
2 0.046875 0.5640625 0.0578125 0.41875