2 0.4640625 0.30390625 0.040625 0.378125
0 0.12265625 0.29921875 0.03125 0.0203125
0 0.37109375 0.29921875 0.0296875 0.0234375
0 0.2484375 0.30078125 0.0296875 0.0265625
0 0.40234375 0.303125 0.034375 0.021875
0 0.55546875 0.303125 0.028125 0.0234375
0 0.49765625 0.303125 0.0296875 0.0265625
2 0.0640625 0.3078125 0.0375 0.3734375
1 0.5015625 0.06484375 0.9140625 0.0671875
3 0.0625 0.46640625 0.03125 0.03125
3 0.0625 0.41328125 0.0296875 0.0265625
3 0.0625 0.37109375 0.0296875 0.025
3 0.0625 0.3375 0.0296875 0.0234375
3 0.0609375 0.290625 0.0265625 0.021875
3 0.0609375 0.25625 0.0265625 0.021875
3 0.0609375 0.23203125 0.0265625 0.0203125
3 0.0609375 0.21171875 0.0265625 0.021875
3 0.0609375 0.1859375 0.0265625 0.0203125
3 0.0609375 0.16953125 0.0265625 0.0140625
3 0.0609375 0.13671875 0.0265625 0.0171875
3 0.0609375 0.15 0.0265625 0.009375
3 0.0609375 0.15859375 0.0265625 0.009375
4 0.27421875 0.06953125 0.03125 0.0453125
4 0.30625 0.06953125 0.0296875 0.0453125
4 0.4625 0.0671875 0.0359375 0.0390625
4 0.0921875 0.0671875 0.025 0.040625
4 0.3375 0.06953125 0.0296875 0.04375
0 0.0921875 0.1265625 0.021875 0.0140625
0 0.2765625 0.12265625 0.0234375 0.0203125
3 0.4640625 0.47109375 0.034375 0.025
3 0.4640625 0.4171875 0.0296875 0.0265625
3 0.4640625 0.3765625 0.0296875 0.021875
3 0.4640625 0.3421875 0.0296875 0.0265625
3 0.4625 0.2921875 0.025 0.0203125
3 0.4625 0.25703125 0.0265625 0.0203125
3 0.46171875 0.23203125 0.0265625 0.0171875
3 0.46171875 0.2125 0.0265625 0.021875
3 0.4640625 0.1875 0.0265625 0.0171875
3 0.4640625 0.171875 0.0265625 0.0140625
3 0.4640625 0.16015625 0.0265625 0.0125
3 0.4640625 0.1515625 0.0265625 0.00625
3 0.4640625 0.13671875 0.0265625 0.0203125