0 0.43125 0.46875 0.0625 0.040625
0 0.36796875 0.47265625 0.0546875 0.0359375
3 0.0984375 0.5875 0.071875 0.0515625
3 0.09765625 0.50390625 0.0671875 0.034375
3 0.0984375 0.44453125 0.0609375 0.034375
3 0.09765625 0.40390625 0.0625 0.0328125
3 0.09609375 0.34375 0.05625 0.0296875
3 0.0953125 0.3015625 0.0578125 0.0265625
3 0.09609375 0.27734375 0.05625 0.021875
3 0.09375 0.25234375 0.0578125 0.0265625
4 0.09140625 0.12734375 0.0578125 0.0578125
4 0.1546875 0.125 0.0578125 0.0671875
4 0.2234375 0.1234375 0.0578125 0.075
4 0.28828125 0.12109375 0.053125 0.0671875
1 0.49609375 0.11640625 0.91875 0.115625
4 0.35546875 0.125 0.0609375 0.084375
4 0.4203125 0.12109375 0.0609375 0.084375
2 0.09609375 0.42578125 0.0984375 0.4203125