1 0.52265625 0.24296875 0.91875 0.1015625
2 0.08671875 0.571875 0.040625 0.55625
0 0.8609375 0.69609375 0.0359375 0.0546875
0 0.89453125 0.70078125 0.034375 0.0515625
0 0.928125 0.709375 0.034375 0.0578125
0 0.3125 0.709375 0.034375 0.0703125
0 0.57109375 0.71171875 0.028125 0.0453125
0 0.63359375 0.71171875 0.03125 0.0515625
0 0.665625 0.7140625 0.034375 0.0515625
0 0.603125 0.7140625 0.03125 0.0515625
0 0.50625 0.71484375 0.034375 0.0515625
0 0.53984375 0.71484375 0.028125 0.053125
0 0.34609375 0.71640625 0.03125 0.053125
0 0.37734375 0.71640625 0.03125 0.059375
0 0.4109375 0.71640625 0.03125 0.0484375
0 0.7953125 0.7171875 0.0390625 0.0515625
0 0.73203125 0.7171875 0.0359375 0.05625
0 0.2171875 0.7203125 0.0359375 0.0515625
0 0.12109375 0.72109375 0.034375 0.0484375
3 0.0875 0.80390625 0.0390625 0.0625
3 0.08671875 0.74140625 0.034375 0.04375
3 0.0875 0.69375 0.034375 0.0390625
3 0.08671875 0.6515625 0.03125 0.040625
3 0.08671875 0.59375 0.03125 0.03125
3 0.0875 0.54921875 0.03125 0.034375
3 0.08671875 0.5109375 0.03125 0.0296875
3 0.08671875 0.478125 0.03125 0.03125
3 0.08671875 0.44375 0.034375 0.034375
3 0.08671875 0.41328125 0.03125 0.0265625
3 0.08671875 0.3890625 0.03125 0.025
3 0.08515625 0.36640625 0.03125 0.0203125
3 0.08671875 0.35 0.03125 0.0234375
4 0.08515625 0.24375 0.0265625 0.05625
4 0.11796875 0.2453125 0.025 0.0515625
4 0.15 0.2453125 0.0296875 0.0546875
4 0.18125 0.2390625 0.0296875 0.0484375
4 0.2125 0.2390625 0.03125 0.05625
4 0.2453125 0.2359375 0.0265625 0.0515625
4 0.47734375 0.23671875 0.03125 0.05625
4 0.44375 0.2359375 0.03125 0.053125
4 0.41015625 0.23671875 0.0296875 0.053125
4 0.37734375 0.2453125 0.0328125 0.0609375
4 0.3453125 0.2390625 0.0296875 0.0515625
4 0.27734375 0.2359375 0.03125 0.05625
4 0.3109375 0.234375 0.0328125 0.065625
4 0.50859375 0.2390625 0.0296875 0.05625
4 0.53984375 0.23828125 0.028125 0.0578125
4 0.57109375 0.24296875 0.028125 0.053125
4 0.603125 0.24140625 0.034375 0.0578125
4 0.63828125 0.24296875 0.034375 0.05625
4 0.70078125 0.24375 0.034375 0.0625
4 0.66953125 0.2390625 0.0265625 0.065625
4 0.96015625 0.2453125 0.0359375 0.0578125
4 0.9265625 0.2453125 0.03125 0.053125
4 0.8640625 0.24140625 0.034375 0.0625
4 0.8953125 0.24140625 0.0296875 0.0625
4 0.83203125 0.24296875 0.03125 0.0671875
4 0.80078125 0.24140625 0.03125 0.071875
4 0.76953125 0.24140625 0.03125 0.075
4 0.7359375 0.240625 0.0359375 0.075