2 0.03515625 0.4828125 0.0578125 0.49375
0 0.88125 0.60703125 0.0484375 0.03125
0 0.2828125 0.6078125 0.0578125 0.0390625
0 0.97734375 0.6109375 0.04375 0.028125
0 0.18515625 0.61640625 0.0453125 0.034375
0 0.1359375 0.61796875 0.0515625 0.0359375
3 0.0328125 0.6984375 0.0515625 0.0390625
3 0.03125 0.634375 0.0484375 0.03125
3 0.03125 0.5875 0.0484375 0.034375
3 0.03125 0.546875 0.0515625 0.03125
3 0.03125 0.48671875 0.0453125 0.0265625
3 0.0328125 0.44453125 0.0484375 0.025
3 0.03125 0.4125 0.0484375 0.0203125
3 0.0296875 0.38203125 0.0515625 0.0296875
3 0.03125 0.3484375 0.0484375 0.0234375
3 0.0296875 0.32421875 0.0484375 0.0171875
3 0.02890625 0.3078125 0.0453125 0.0140625
3 0.0296875 0.28828125 0.04375 0.0171875
3 0.0296875 0.27265625 0.0453125 0.0171875