2 0.08046875 0.32109375 0.0546875 0.3921875
0 0.3546875 0.44453125 0.0453125 0.0390625
0 0.2203125 0.44609375 0.053125 0.0453125
0 0.31015625 0.44609375 0.0484375 0.0390625
0 0.2671875 0.446875 0.0453125 0.04375
0 0.39921875 0.44921875 0.040625 0.0390625
0 0.44453125 0.4515625 0.04375 0.04375
0 0.490625 0.453125 0.0453125 0.0453125
0 0.13125 0.453125 0.05625 0.0359375
1 0.3578125 0.10078125 0.6140625 0.0890625
3 0.08046875 0.49296875 0.0484375 0.0359375
3 0.08203125 0.4109375 0.0453125 0.034375
3 0.08203125 0.3578125 0.0453125 0.0296875
3 0.08203125 0.3171875 0.0453125 0.034375
3 0.0828125 0.2640625 0.04375 0.0296875
3 0.08203125 0.23203125 0.040625 0.0203125
3 0.0828125 0.21015625 0.0390625 0.0171875
3 0.08203125 0.18984375 0.040625 0.0203125
3 0.08203125 0.171875 0.040625 0.0140625
3 0.08046875 0.1578125 0.04375 0.0125
0 0.35546875 0.38671875 0.040625 0.025
4 0.08046875 0.0921875 0.0484375 0.05625
4 0.12734375 0.1 0.04375 0.0609375
4 0.17578125 0.1 0.0484375 0.06875
4 0.2203125 0.09765625 0.04375 0.0609375
4 0.2640625 0.10078125 0.0453125 0.0671875
4 0.31015625 0.10078125 0.0453125 0.065625
4 0.35546875 0.10546875 0.0484375 0.0671875
4 0.4 0.10546875 0.04375 0.0625
4 0.44453125 0.10703125 0.0453125 0.0625
4 0.48828125 0.10546875 0.040625 0.0625
4 0.53515625 0.1078125 0.0484375 0.0625
4 0.584375 0.10703125 0.0484375 0.065625
4 0.63203125 0.1078125 0.0515625 0.0625