2 0.0765625 0.3171875 0.0625 0.396875
0 0.3546875 0.44453125 0.0453125 0.0390625
0 0.2203125 0.44609375 0.053125 0.0453125
0 0.31015625 0.44609375 0.0484375 0.0390625
0 0.2671875 0.446875 0.0453125 0.04375
0 0.39765625 0.44921875 0.040625 0.0390625
0 0.44453125 0.45078125 0.04375 0.04375
0 0.490625 0.453125 0.0453125 0.0453125
0 0.13125 0.453125 0.05625 0.0359375
1 0.3546875 0.10234375 0.6203125 0.0921875
3 0.078125 0.4890625 0.0515625 0.04375
3 0.08046875 0.41328125 0.0453125 0.0296875
3 0.08203125 0.3609375 0.04375 0.0234375
3 0.0828125 0.31953125 0.0453125 0.0265625
3 0.08203125 0.2671875 0.040625 0.021875
3 0.08203125 0.23203125 0.040625 0.0203125
3 0.08203125 0.21015625 0.040625 0.0171875
3 0.08203125 0.1921875 0.040625 0.0203125
3 0.08203125 0.17421875 0.040625 0.0171875
3 0.08046875 0.1546875 0.0390625 0.0171875
3 0.08046875 0.1359375 0.04375 0.0171875
4 0.0796875 0.0921875 0.0484375 0.0515625
0 0.35703125 0.384375 0.04375 0.0265625
4 0.1265625 0.0953125 0.04375 0.0578125
4 0.17421875 0.0984375 0.053125 0.0609375
4 0.22109375 0.09765625 0.040625 0.05625
4 0.2640625 0.10078125 0.0453125 0.0578125
4 0.3125 0.1 0.0515625 0.0609375
4 0.63125 0.1078125 0.05625 0.0578125
4 0.58203125 0.10546875 0.0484375 0.0609375
4 0.5359375 0.10546875 0.04375 0.0578125
4 0.49140625 0.10546875 0.0484375 0.0609375
4 0.44609375 0.1046875 0.0453125 0.0625
4 0.4 0.103125 0.0453125 0.065625
4 0.35703125 0.103125 0.040625 0.0609375