2 0.0453125 0.24296875 0.0484375 0.3515625
0 0.1828125 0.28828125 0.0296875 0.021875
0 0.15 0.28828125 0.0328125 0.0234375
0 0.21640625 0.30078125 0.0359375 0.0296875
0 0.115625 0.30546875 0.034375 0.021875
0 0.08203125 0.32578125 0.0359375 0.0265625
0 0.484375 0.375 0.034375 0.025
0 0.4171875 0.3765625 0.034375 0.03125
0 0.51953125 0.3796875 0.03125 0.0234375
0 0.35 0.38671875 0.0390625 0.0390625
0 0.384375 0.39765625 0.0296875 0.0203125
3 0.04453125 0.3859375 0.0390625 0.0296875
3 0.0453125 0.34140625 0.0359375 0.0265625
3 0.0453125 0.30546875 0.0359375 0.0203125
3 0.0453125 0.275 0.0359375 0.0234375
3 0.046875 0.2359375 0.0390625 0.0203125
3 0.046875 0.2015625 0.034375 0.021875
3 0.046875 0.17890625 0.0359375 0.0171875
3 0.0484375 0.1578125 0.0328125 0.0203125
3 0.0484375 0.13671875 0.03125 0.0171875
3 0.04921875 0.1203125 0.0296875 0.0140625
3 0.04921875 0.10546875 0.0296875 0.0125
3 0.04921875 0.0921875 0.0296875 0.009375
3 0.04921875 0.0796875 0.0296875 0.0203125