2 0.0453125 0.24296875 0.0484375 0.3515625
0 0.1828125 0.28828125 0.0296875 0.021875
0 0.15 0.28828125 0.0328125 0.0234375
0 0.21640625 0.30078125 0.0359375 0.0296875
0 0.115625 0.30546875 0.034375 0.0234375
0 0.08203125 0.3265625 0.0359375 0.0265625
0 0.484375 0.375 0.034375 0.0265625
0 0.4171875 0.3765625 0.0359375 0.03125
0 0.51953125 0.37890625 0.03125 0.0265625
0 0.35 0.38671875 0.0390625 0.0390625
0 0.384375 0.39765625 0.0296875 0.0203125
3 0.04453125 0.38828125 0.0359375 0.0390625
3 0.046875 0.34140625 0.034375 0.03125
3 0.0453125 0.30625 0.03125 0.021875
3 0.046875 0.275 0.034375 0.0265625
3 0.0484375 0.23671875 0.03125 0.0203125
3 0.0484375 0.203125 0.03125 0.0203125
3 0.04921875 0.18046875 0.0296875 0.0140625
3 0.04921875 0.15859375 0.03125 0.021875
3 0.04921875 0.134375 0.03125 0.0171875
3 0.04921875 0.11796875 0.0296875 0.0140625
3 0.05078125 0.1046875 0.03125 0.0140625
3 0.05078125 0.0921875 0.03125 0.009375
3 0.05078125 0.08203125 0.0296875 0.0125