2 0.040625 0.2609375 0.0453125 0.3109375
0 0.44140625 0.2765625 0.0265625 0.0171875
0 0.1875 0.28359375 0.03125 0.0171875
0 0.41328125 0.328125 0.03125 0.0265625
0 0.49765625 0.3328125 0.0296875 0.03125
0 0.35546875 0.334375 0.03125 0.0328125
0 0.4703125 0.33515625 0.0296875 0.034375
0 0.525 0.33671875 0.028125 0.0265625
0 0.55390625 0.33671875 0.0265625 0.0265625
0 0.5828125 0.33671875 0.03125 0.0265625
0 0.384375 0.3375 0.0265625 0.0265625
0 0.1875 0.3421875 0.0359375 0.0328125
0 0.13203125 0.34375 0.0296875 0.0296875
0 0.0734375 0.3453125 0.03125 0.0296875
1 0.43984375 0.07578125 0.8515625 0.0578125
3 0.04296875 0.390625 0.0359375 0.03125
3 0.0421875 0.3546875 0.0328125 0.0265625
3 0.0421875 0.3296875 0.0328125 0.0203125
3 0.04296875 0.30390625 0.034375 0.0234375
3 0.04296875 0.27421875 0.0296875 0.0203125
3 0.04296875 0.25 0.0296875 0.0171875
3 0.04296875 0.2296875 0.03125 0.0203125
3 0.04296875 0.21171875 0.03125 0.0203125
3 0.04453125 0.1765625 0.0265625 0.009375
3 0.04296875 0.19140625 0.0265625 0.0125
3 0.04296875 0.16484375 0.0265625 0.009375
3 0.04296875 0.15390625 0.0265625 0.009375
3 0.04453125 0.14453125 0.0265625 0.009375
4 0.03984375 0.078125 0.03125 0.0390625
4 0.07109375 0.0765625 0.0265625 0.0390625
4 0.09765625 0.078125 0.0296875 0.0359375
4 0.1265625 0.078125 0.03125 0.0390625
4 0.8421875 0.0734375 0.034375 0.0453125
4 0.81015625 0.071875 0.028125 0.04375
4 0.61171875 0.07421875 0.028125 0.040625
4 0.640625 0.0734375 0.0296875 0.0453125
4 0.66953125 0.0734375 0.028125 0.04375
4 0.6984375 0.07421875 0.028125 0.040625
4 0.72734375 0.0734375 0.03125 0.04375
4 0.75625 0.07421875 0.0265625 0.04375
4 0.7828125 0.0734375 0.0265625 0.0453125
0 0.21640625 0.34140625 0.025 0.021875
0 0.27265625 0.33515625 0.0296875 0.021875
4 0.1546875 0.0765625 0.0265625 0.0359375
4 0.18515625 0.07578125 0.03125 0.040625
4 0.58203125 0.0734375 0.0296875 0.040625
4 0.55390625 0.07421875 0.028125 0.0390625
4 0.525 0.071875 0.028125 0.040625
4 0.49765625 0.071875 0.025 0.0390625
4 0.4703125 0.0734375 0.03125 0.040625
4 0.4390625 0.0734375 0.0296875 0.040625
4 0.4109375 0.0734375 0.0265625 0.04375
4 0.384375 0.0734375 0.0234375 0.0390625
4 0.35546875 0.07421875 0.03125 0.04375
4 0.32578125 0.0765625 0.0296875 0.0453125
4 0.296875 0.07578125 0.0265625 0.040625
4 0.26953125 0.0765625 0.0265625 0.040625
4 0.24140625 0.07578125 0.0265625 0.0453125
4 0.2140625 0.0765625 0.0296875 0.0453125