0 0.5453125 0.25859375 0.059375 0.0390625
0 0.62109375 0.25859375 0.0703125 0.053125
0 0.3125 0.26171875 0.0703125 0.03125
0 0.46875 0.26171875 0.0671875 0.0359375
0 0.3890625 0.2640625 0.0625 0.0359375
0 0.2359375 0.2640625 0.0578125 0.0390625
0 0.62109375 0.525 0.0578125 0.04375
0 0.4640625 0.5296875 0.0578125 0.0265625
0 0.3140625 0.53125 0.0609375 0.034375
0 0.3921875 0.5359375 0.0625 0.0390625
2 0.1546875 0.53125 0.09375 0.7140625
0 0.61875 0.5953125 0.053125 0.034375
0 0.3890625 0.59765625 0.0578125 0.0359375
0 0.46484375 0.59765625 0.05625 0.0296875
0 0.3140625 0.6 0.0609375 0.034375
1 0.509375 0.0828125 0.8203125 0.115625
3 0.1578125 0.83984375 0.075 0.0625
3 0.1578125 0.74375 0.0671875 0.04375
3 0.15859375 0.6765625 0.0625 0.040625
3 0.15859375 0.625 0.0671875 0.04375
3 0.15625 0.55078125 0.0625 0.0390625
3 0.1546875 0.5 0.0609375 0.0359375
3 0.1546875 0.46171875 0.0609375 0.034375
3 0.1546875 0.42890625 0.0625 0.0359375
3 0.1546875 0.38828125 0.0578125 0.03125
3 0.15625 0.36328125 0.0578125 0.021875
3 0.1546875 0.3421875 0.0609375 0.021875
3 0.1546875 0.321875 0.0578125 0.0203125
3 0.1546875 0.30390625 0.0609375 0.0203125
4 0.1515625 0.0765625 0.0765625 0.090625
4 0.2296875 0.0828125 0.0671875 0.084375
4 0.3109375 0.0828125 0.0625 0.0875
4 0.390625 0.08515625 0.0671875 0.071875
4 0.4671875 0.0796875 0.0671875 0.0671875
4 0.54296875 0.084375 0.0703125 0.0796875
4 0.6203125 0.08203125 0.065625 0.0796875
4 0.6984375 0.08203125 0.0625 0.075
4 0.775 0.0796875 0.065625 0.071875
4 0.85703125 0.07578125 0.075 0.071875