1 0.509375 0.56875 0.846875 0.0828125
2 0.109375 0.78125 0.040625 0.3796875
0 0.196875 0.8890625 0.0296875 0.0296875
3 0.1078125 0.9359375 0.034375 0.0359375
3 0.1078125 0.90234375 0.03125 0.03125
3 0.1078125 0.8734375 0.028125 0.0265625
3 0.10703125 0.84765625 0.0265625 0.025
3 0.109375 0.8265625 0.0265625 0.0203125
3 0.109375 0.8078125 0.0265625 0.0203125
3 0.109375 0.790625 0.0265625 0.0125
3 0.1078125 0.775 0.0265625 0.0203125
3 0.109375 0.7546875 0.025 0.0203125
3 0.109375 0.71015625 0.025 0.021875
3 0.109375 0.68359375 0.025 0.021875
3 0.109375 0.65390625 0.025 0.0140625
3 0.109375 0.6421875 0.021875 0.0125
4 0.10546875 0.5640625 0.03125 0.040625
4 0.1359375 0.5625 0.0265625 0.0453125
4 0.165625 0.5640625 0.0296875 0.04375
4 0.19609375 0.56484375 0.0296875 0.04375
4 0.225 0.56640625 0.0296875 0.040625
4 0.25234375 0.5671875 0.0265625 0.040625
4 0.28359375 0.56953125 0.0296875 0.0390625
4 0.3140625 0.56875 0.0296875 0.0390625
4 0.3421875 0.56875 0.0265625 0.0390625
4 0.37109375 0.5671875 0.0296875 0.04375
4 0.4015625 0.5671875 0.0296875 0.04375
4 0.43125 0.56875 0.0296875 0.0390625
4 0.46171875 0.56875 0.0265625 0.0390625
4 0.490625 0.56875 0.0265625 0.0359375
4 0.5203125 0.56953125 0.028125 0.034375
4 0.55078125 0.56875 0.0296875 0.0359375
4 0.58046875 0.56875 0.0265625 0.0390625
4 0.609375 0.5671875 0.0265625 0.040625
4 0.6390625 0.56953125 0.028125 0.0390625
4 0.66953125 0.56953125 0.028125 0.040625
4 0.6984375 0.56875 0.028125 0.0390625
4 0.728125 0.56953125 0.028125 0.0390625
4 0.9078125 0.571875 0.03125 0.034375
4 0.8765625 0.56953125 0.0296875 0.034375
4 0.84609375 0.57109375 0.0296875 0.034375
4 0.8171875 0.57109375 0.0296875 0.034375
4 0.7875 0.5734375 0.03125 0.034375
4 0.75703125 0.57109375 0.03125 0.0359375
2 0.1 0.1234375 0.03125 0.246875
3 0.0984375 0.225 0.0265625 0.0265625
3 0.0984375 0.17578125 0.0265625 0.021875
3 0.0984375 0.140625 0.0265625 0.0203125
3 0.0984375 0.1140625 0.0265625 0.0171875
3 0.09765625 0.078125 0.0265625 0.0140625
3 0.09765625 0.053125 0.025 0.0125
3 0.0984375 0.0375 0.025 0.0125
3 0.0984375 0.02265625 0.0265625 0.0171875
3 0.0984375 0.00703125 0.025 0.009375