1 0.509375 0.56875 0.846875 0.0828125
2 0.1078125 0.78359375 0.0375 0.375
0 0.196875 0.8890625 0.0296875 0.0296875
3 0.109375 0.9375 0.03125 0.034375
3 0.1078125 0.90234375 0.028125 0.0296875
3 0.109375 0.8734375 0.0265625 0.021875
3 0.109375 0.85078125 0.025 0.0203125
3 0.1109375 0.8265625 0.025 0.021875
3 0.109375 0.80859375 0.025 0.0171875
3 0.109375 0.64296875 0.021875 0.0125
3 0.109375 0.6546875 0.021875 0.0125
3 0.109375 0.68515625 0.025 0.0171875
3 0.109375 0.71171875 0.025 0.0203125
3 0.109375 0.7546875 0.025 0.0171875
3 0.109375 0.77734375 0.025 0.0171875
3 0.1109375 0.7921875 0.025 0.0140625
4 0.10546875 0.5640625 0.03125 0.034375
4 0.1359375 0.5625 0.0265625 0.034375
4 0.165625 0.5640625 0.0296875 0.034375
4 0.19609375 0.56640625 0.0296875 0.034375
4 0.22578125 0.5671875 0.0265625 0.0359375
4 0.25390625 0.5671875 0.0265625 0.0390625
4 0.9078125 0.5734375 0.03125 0.0359375
4 0.8765625 0.57109375 0.03125 0.0359375
4 0.84609375 0.57109375 0.0296875 0.0390625
4 0.8171875 0.5734375 0.03125 0.0359375
4 0.7875 0.5734375 0.0296875 0.034375
4 0.75703125 0.571875 0.03125 0.0359375
4 0.72734375 0.57109375 0.028125 0.034375
4 0.696875 0.56953125 0.03125 0.034375
4 0.6671875 0.57109375 0.028125 0.034375
4 0.6390625 0.57109375 0.028125 0.03125
4 0.609375 0.56953125 0.03125 0.03125
4 0.58046875 0.56875 0.028125 0.034375
4 0.54921875 0.57109375 0.028125 0.0359375
4 0.51953125 0.56953125 0.0296875 0.034375
4 0.4890625 0.56875 0.0296875 0.034375
4 0.46171875 0.56875 0.025 0.034375
4 0.43125 0.56953125 0.0265625 0.0390625
4 0.40234375 0.56953125 0.0296875 0.034375
4 0.37109375 0.56875 0.0296875 0.034375
4 0.3421875 0.56875 0.0296875 0.0359375
4 0.3125 0.56875 0.0265625 0.0359375
4 0.2828125 0.5671875 0.0296875 0.0390625
2 0.09765625 0.11875 0.0359375 0.2375
3 0.09765625 0.2234375 0.0296875 0.0203125
3 0.09765625 0.17578125 0.0265625 0.0171875
3 0.09765625 0.140625 0.0296875 0.0171875
3 0.09765625 0.1140625 0.0265625 0.0171875
3 0.09609375 0.078125 0.0265625 0.0125
3 0.09609375 0.05390625 0.0265625 0.009375
3 0.09765625 0.0375 0.0265625 0.009375
3 0.09765625 0.02265625 0.0296875 0.0171875
3 0.09765625 0.00703125 0.025 0.009375