2 0.0953125 0.240625 0.0484375 0.146875
0 0.75234375 0.26953125 0.034375 0.0140625
0 0.7859375 0.26953125 0.034375 0.0203125
0 0.81953125 0.26953125 0.03125 0.0171875
0 0.71875 0.2703125 0.03125 0.0171875
0 0.65390625 0.2703125 0.03125 0.0171875
0 0.5875 0.2703125 0.028125 0.0171875
0 0.6203125 0.2703125 0.03125 0.0171875
0 0.6859375 0.2703125 0.028125 0.0171875
0 0.4890625 0.271875 0.0296875 0.0171875
0 0.55546875 0.271875 0.03125 0.0171875
0 0.52265625 0.271875 0.034375 0.0171875
0 0.45703125 0.27265625 0.0296875 0.0171875
0 0.4234375 0.27421875 0.03125 0.0171875
0 0.3578125 0.27421875 0.0296875 0.0203125
0 0.390625 0.27421875 0.03125 0.0171875
0 0.32578125 0.275 0.0296875 0.0171875
0 0.29296875 0.27734375 0.0296875 0.0140625
0 0.2609375 0.27734375 0.03125 0.0171875
0 0.228125 0.27734375 0.034375 0.0171875
0 0.19453125 0.27890625 0.0296875 0.0140625
0 0.1625 0.27890625 0.0328125 0.0171875
2 0.18046875 0.5453125 0.0484375 0.1375
0 0.4109375 0.5828125 0.0296875 0.0171875
0 0.740625 0.5828125 0.03125 0.0203125
0 0.3796875 0.584375 0.0296875 0.0140625
0 0.509375 0.584375 0.03125 0.0203125
0 0.44453125 0.58515625 0.03125 0.0171875
0 0.67421875 0.58515625 0.03125 0.0203125
0 0.5421875 0.58515625 0.028125 0.0171875
0 0.640625 0.58671875 0.03125 0.0171875
0 0.70703125 0.58671875 0.03125 0.0171875
0 0.47734375 0.58671875 0.0296875 0.0171875
0 0.57421875 0.58671875 0.0296875 0.0171875
3 0.17890625 0.4953125 0.0296875 0.0171875
3 0.18046875 0.509375 0.0296875 0.0125
3 0.18125 0.52421875 0.0265625 0.0140625
3 0.18125 0.5375 0.0265625 0.0125
3 0.1828125 0.5609375 0.0265625 0.0125
4 0.178125 0.4625 0.0296875 0.0171875
0 0.2453125 0.48828125 0.0265625 0.0140625
3 0.1828125 0.60078125 0.03125 0.0171875
3 0.0953125 0.18984375 0.0265625 0.0140625
3 0.09609375 0.203125 0.0265625 0.0125
3 0.09609375 0.2171875 0.0265625 0.0140625
3 0.09609375 0.23203125 0.0265625 0.0171875
4 0.0953125 0.1453125 0.03125 0.0171875