2 0.1359375 0.296875 0.0359375 0.1375
0 0.26953125 0.3390625 0.0296875 0.0125
0 0.36640625 0.33984375 0.0296875 0.0140625
0 0.334375 0.33984375 0.0234375 0.0125
0 0.39765625 0.33984375 0.0296875 0.0140625
0 0.1703125 0.33984375 0.0296875 0.0140625
0 0.4625 0.33984375 0.0265625 0.0125
0 0.43125 0.34140625 0.0296875 0.009375
0 0.203125 0.34140625 0.0296875 0.0125
0 0.52890625 0.34140625 0.028125 0.0125
0 0.5625 0.34140625 0.0296875 0.0125
0 0.23671875 0.34140625 0.0296875 0.0125
0 0.59375 0.3421875 0.03125 0.0140625
0 0.66015625 0.3421875 0.0296875 0.0140625
0 0.62734375 0.34375 0.03125 0.0140625
0 0.790625 0.34375 0.028125 0.0125
0 0.6921875 0.34375 0.028125 0.0125
0 0.7234375 0.34375 0.0265625 0.0125
0 0.75625 0.3453125 0.03125 0.0140625
0 0.85546875 0.3453125 0.0296875 0.0140625
2 0.21875 0.6203125 0.0390625 0.1375
0 0.25234375 0.65859375 0.0296875 0.0125
0 0.31875 0.66015625 0.0296875 0.0171875
0 0.35 0.66015625 0.0296875 0.0171875
0 0.2859375 0.66015625 0.034375 0.0125
0 0.38359375 0.66015625 0.0296875 0.0171875
0 0.4484375 0.66015625 0.0296875 0.0171875
0 0.4171875 0.6609375 0.0296875 0.0171875
0 0.5140625 0.6609375 0.03125 0.0171875
0 0.48203125 0.6609375 0.034375 0.0140625
0 0.5453125 0.6609375 0.028125 0.0140625
3 0.21875 0.6765625 0.0296875 0.0125
3 0.21875 0.6140625 0.0265625 0.0125
3 0.2203125 0.63671875 0.0265625 0.0125
3 0.21875 0.60234375 0.0265625 0.0125
3 0.21875 0.5875 0.0265625 0.0125
3 0.21875 0.5765625 0.025 0.0078125
4 0.2203125 0.540625 0.0296875 0.0125
3 0.1359375 0.359375 0.0296875 0.009375
3 0.13671875 0.31640625 0.0265625 0.0125
3 0.13671875 0.29296875 0.0265625 0.0125
3 0.13671875 0.2796875 0.0265625 0.0125
3 0.13671875 0.2640625 0.0265625 0.009375
3 0.13671875 0.25390625 0.0265625 0.009375
4 0.1359375 0.2125 0.0296875 0.0171875