1 0.53984375 0.03828125 0.9203125 0.0765625
2 0.1203125 0.39921875 0.075 0.615625
2 0.96875 0.4 0.0625 0.6328125
0 0.65234375 0.4078125 0.0484375 0.0390625
0 0.65 0.46640625 0.053125 0.040625
3 0.115625 0.66328125 0.05625 0.0453125
3 0.11796875 0.584375 0.0515625 0.0390625
3 0.115625 0.52734375 0.0515625 0.034375
3 0.11640625 0.47734375 0.0515625 0.040625
3 0.11796875 0.40390625 0.0484375 0.0359375
3 0.11796875 0.35078125 0.0453125 0.0359375
3 0.11796875 0.31015625 0.0453125 0.03125
3 0.11875 0.275 0.0453125 0.0390625
3 0.11796875 0.240625 0.04375 0.025
3 0.11796875 0.21640625 0.04375 0.0171875
3 0.11875 0.19921875 0.0453125 0.0203125
3 0.11796875 0.18046875 0.04375 0.0140625
3 0.11796875 0.15859375 0.0453125 0.0296875
3 0.96875 0.6703125 0.053125 0.04375
3 0.96875 0.5875 0.0453125 0.034375
3 0.9703125 0.52734375 0.0484375 0.0359375
3 0.9703125 0.47734375 0.0515625 0.0390625
3 0.97109375 0.4078125 0.0515625 0.03125
3 0.9734375 0.35546875 0.0453125 0.0265625
3 0.975 0.3171875 0.0453125 0.021875
3 0.97578125 0.28125 0.0484375 0.034375
3 0.975 0.24609375 0.0453125 0.0203125
3 0.975 0.2203125 0.04375 0.0140625
3 0.97578125 0.2015625 0.04375 0.0171875
3 0.97578125 0.1828125 0.04375 0.0140625
3 0.97734375 0.16328125 0.0453125 0.0265625
4 0.115625 0.0375 0.05625 0.0578125
4 0.1703125 0.03828125 0.0484375 0.0609375
4 0.2234375 0.0375 0.0453125 0.065625
4 0.27890625 0.0359375 0.0484375 0.0609375
4 0.3328125 0.0375 0.0453125 0.065625
4 0.3859375 0.03828125 0.0453125 0.0578125
4 0.43984375 0.03828125 0.0484375 0.0609375
4 0.4953125 0.0375 0.0453125 0.065625
4 0.546875 0.03828125 0.0484375 0.0609375
4 0.59765625 0.0375 0.04375 0.0671875
4 0.6546875 0.03828125 0.0515625 0.0625
4 0.709375 0.03828125 0.0453125 0.0625
4 0.76328125 0.03984375 0.0515625 0.0625
4 0.81484375 0.03828125 0.0453125 0.0578125
4 0.86875 0.0375 0.0453125 0.0609375
4 0.92421875 0.0359375 0.0453125 0.0625
4 0.97734375 0.0375 0.04375 0.065625