1 0.53984375 0.03984375 0.91875 0.0796875
2 0.1203125 0.39921875 0.075 0.615625
2 0.96875 0.4 0.0625 0.634375
0 0.65234375 0.40859375 0.0484375 0.0390625
0 0.64921875 0.46640625 0.053125 0.04375
3 0.115625 0.6625 0.0578125 0.0484375
3 0.1140625 0.58515625 0.053125 0.040625
3 0.11640625 0.5265625 0.0484375 0.0359375
3 0.11640625 0.4796875 0.0515625 0.0359375
3 0.11875 0.40390625 0.0484375 0.0515625
3 0.11796875 0.3484375 0.0484375 0.040625
3 0.11796875 0.31015625 0.0515625 0.0390625
3 0.11796875 0.27421875 0.0515625 0.0390625
3 0.1203125 0.23828125 0.0515625 0.03125
3 0.1203125 0.2125 0.0515625 0.0203125
3 0.11875 0.19453125 0.0484375 0.021875
3 0.11875 0.17890625 0.0484375 0.0125
3 0.1203125 0.15859375 0.0515625 0.03125
3 0.96875 0.6703125 0.0515625 0.04375
3 0.9703125 0.58984375 0.0484375 0.04375
3 0.9703125 0.52890625 0.0484375 0.04375
3 0.97109375 0.47734375 0.0453125 0.04375
3 0.97265625 0.4109375 0.0484375 0.04375
3 0.97265625 0.3546875 0.0453125 0.0390625
3 0.975 0.31640625 0.04375 0.0265625
3 0.975 0.2828125 0.04375 0.0359375
3 0.97578125 0.24609375 0.04375 0.021875
3 0.97578125 0.2203125 0.04375 0.0171875
3 0.97578125 0.20078125 0.04375 0.0171875
3 0.97578125 0.1828125 0.04375 0.0140625
3 0.97578125 0.1625 0.04375 0.025
4 0.11640625 0.03828125 0.0515625 0.0609375
4 0.171875 0.0375 0.053125 0.0609375
4 0.22734375 0.0375 0.0484375 0.0625
4 0.2796875 0.0359375 0.0484375 0.0625
4 0.334375 0.0359375 0.0484375 0.0609375
4 0.38671875 0.0375 0.0453125 0.0578125
4 0.44140625 0.03828125 0.0484375 0.0625
4 0.4953125 0.03828125 0.0484375 0.065625
4 0.546875 0.03828125 0.04375 0.0609375
4 0.6 0.0375 0.04375 0.065625
4 0.6546875 0.03828125 0.0453125 0.065625
4 0.71015625 0.03984375 0.0453125 0.0625
4 0.7640625 0.03984375 0.04375 0.065625
4 0.81640625 0.0375 0.04375 0.065625
4 0.87109375 0.03828125 0.053125 0.0671875
4 0.92421875 0.0375 0.040625 0.065625
4 0.97734375 0.0359375 0.04375 0.0625